id	split.inf.S	adv.inf.S	superlative.S	past.S	wh.question.S
A00	0	1	6	83	2
A01	0	1	9	24	10
A02	1	1	8	25	0
A03	0	3	8	423	4
A04	0	5	55	516	3
A05	0	5	20	532	5
A06	0	6	48	397	10
A07	0	4	17	747	0
A08	0	12	21	1524	23
A0A	0	0	3	33	0
A0B	1	0	20	133	0
A0C	0	5	44	329	1
A0D	0	2	27	1804	8
A0E	0	0	13	160	3
A0F	0	2	33	1733	42
A0G	3	7	66	201	6
A0H	2	9	47	123	2
A0J	0	5	21	26	23
A0K	2	12	20	495	0
A0L	1	0	19	1971	11
A0M	2	6	18	47	0
A0N	0	4	20	1581	23
A0P	0	4	54	1161	8
A0R	0	0	21	1932	20
A0S	0	0	3	1	1
A0T	0	7	30	284	13
A0U	1	2	17	1319	23
A0V	1	0	33	326	6
A0W	5	3	26	2	0
A0X	3	5	56	448	5
A0Y	0	0	9	40	3
A10	0	1	10	152	2
A11	2	8	41	988	3
A12	0	20	64	510	1
A13	0	1	4	37	1
A14	2	3	31	385	1
A15	6	5	53	631	3
A16	0	7	52	96	9
A17	3	2	39	521	5
A18	0	2	32	421	9
A19	2	5	37	326	4
A1A	0	6	34	398	2
A1B	0	4	46	787	12
A1D	0	0	5	66	0
A1E	0	1	17	142	1
A1F	0	1	9	102	0
A1G	0	2	12	205	1
A1H	0	0	4	101	0
A1J	2	2	13	252	1
A1K	0	0	6	26	0
A1L	0	0	0	19	1
A1M	0	0	4	69	2
A1N	0	6	23	429	4
A1P	0	0	3	55	0
A1R	0	0	2	35	0
A1S	0	1	14	186	0
A1T	0	3	14	114	1
A1U	0	1	9	66	0
A1V	0	4	38	497	2
A1W	0	1	2	131	0
A1X	0	0	3	79	0
A1Y	0	1	21	381	3
A20	0	0	3	13	0
A21	0	0	0	20	0
A22	0	0	9	174	0
A23	0	2	1	44	0
A24	0	0	13	22	0
A25	0	1	4	45	0
A26	0	2	10	220	0
A27	0	4	6	136	3
A28	0	0	6	240	3
A29	0	0	2	91	0
A2A	0	2	18	386	1
A2B	0	1	1	20	1
A2C	0	0	2	62	3
A2D	0	2	6	44	3
A2E	0	4	18	309	0
A2F	0	0	4	85	0
A2G	0	1	3	73	1
A2H	0	2	14	270	0
A2J	0	1	9	124	6
A2K	0	0	3	43	0
A2L	0	0	6	45	0
A2M	0	3	6	239	0
A2N	0	0	3	87	0
A2P	1	2	17	390	0
A2R	0	0	3	45	0
A2S	0	3	21	352	0
A2T	0	0	0	88	0
A2U	0	1	8	86	0
A2V	0	0	17	241	0
A2W	0	2	9	122	2
A2X	0	2	18	254	0
A2Y	0	1	5	98	0
A30	1	3	11	361	2
A31	0	1	3	45	0
A32	0	0	3	7	0
A33	0	4	14	275	0
A34	0	2	4	47	0
A35	0	1	19	104	0
A36	0	0	6	72	0
A37	0	1	17	224	0
A38	0	0	11	24	0
A39	0	0	3	18	0
A3A	0	1	11	140	1
A3B	0	0	3	14	1
A3C	0	1	16	95	1
A3D	0	0	10	217	1
A3E	0	1	4	15	1
A3F	0	0	5	68	0
A3G	0	3	16	276	0
A3H	0	0	2	13	0
A3J	0	2	6	43	0
A3K	0	0	3	13	0
A3L	0	1	19	283	1
A3M	0	0	4	29	0
A3N	0	1	5	178	0
A3P	0	0	13	138	0
A3R	0	0	1	77	0
A3S	0	3	13	140	1
A3T	0	3	10	114	2
A3U	3	2	11	206	0
A3V	0	0	5	118	0
A3W	0	5	17	236	0
A3X	0	0	1	96	2
A3Y	0	0	6	67	0
A40	0	3	18	350	0
A41	0	2	4	63	0
A42	0	0	3	43	0
A43	0	1	17	226	0
A44	1	1	9	98	2
A45	0	1	5	52	1
A46	0	4	8	231	0
A47	0	1	5	109	0
A48	0	0	3	78	0
A49	1	2	15	326	0
A4A	0	0	5	54	0
A4B	0	2	12	230	0
A4C	0	1	5	94	0
A4D	0	0	7	34	0
A4E	0	2	5	39	0
A4F	0	2	17	230	0
A4G	0	3	12	113	1
A4H	0	3	11	223	0
A4J	0	0	4	121	0
A4K	0	4	12	394	1
A4L	1	0	4	25	2
A4M	0	0	3	44	2
A4N	1	0	5	46	0
A4P	0	1	12	263	0
A4R	0	0	2	55	0
A4S	0	1	8	75	0
A4U	0	1	9	122	1
A4V	1	0	3	39	0
A4W	0	1	4	44	0
A4X	0	0	6	310	1
A4Y	0	0	7	112	0
A50	0	1	19	385	0
A51	0	0	1	23	0
A52	1	2	12	305	0
A53	0	0	4	72	0
A54	0	1	4	105	3
A55	0	5	13	208	0
A56	0	3	6	117	3
A57	0	2	6	256	2
A58	0	2	2	90	0
A59	0	2	19	415	1
A5A	0	3	1	68	0
A5B	0	0	6	30	0
A5C	0	2	19	244	0
A5D	0	0	1	71	0
A5E	0	2	12	66	1
A5F	0	2	4	69	0
A5G	0	2	14	213	0
A5H	0	0	8	19	0
A5J	0	0	8	55	0
A5K	0	2	8	160	0
A5L	0	0	2	25	1
A5M	0	2	13	237	0
A5N	0	0	10	16	0
A5P	0	0	5	93	0
A5R	0	1	17	356	0
A5S	0	1	12	43	0
A5T	0	0	5	24	0
A5U	0	5	14	323	2
A5V	0	0	6	53	0
A5W	0	1	9	176	0
A5X	0	2	11	78	0
A5Y	1	8	20	490	7
A60	0	1	9	80	5
A61	0	3	11	1700	11
A62	0	2	16	652	2
A63	0	0	4	37	20
A64	0	7	57	1455	3
A65	4	1	68	390	3
A66	0	16	27	1656	0
A67	0	3	29	629	5
A68	0	10	75	2258	8
A69	0	13	34	501	5
A6A	0	6	73	223	7
A6B	0	15	62	833	4
A6C	1	2	20	1191	7
A6D	0	20	34	441	4
A6E	0	0	17	1334	10
A6F	0	3	21	720	2
A6G	0	11	43	1064	2
A6J	0	8	18	1582	17
A6L	3	7	57	906	9
A6M	2	3	21	513	0
A6N	0	3	26	1733	5
A6R	1	2	37	525	0
A6S	3	3	41	660	3
A6T	1	9	44	1089	15
A6U	0	5	17	310	6
A6V	1	8	47	1065	7
A6W	0	5	50	539	1
A6X	0	5	65	700	2
A6Y	0	2	39	864	3
A70	0	3	48	507	5
A73	0	4	27	2204	19
A74	1	0	9	639	14
A75	0	1	16	82	16
A77	0	7	34	576	3
A79	0	7	39	694	0
A7A	0	8	12	1750	10
A7C	0	7	46	1070	5
A7D	0	5	66	593	3
A7F	2	5	42	346	1
A7G	1	2	29	114	8
A7H	0	5	40	1320	0
A7J	0	2	15	1487	14
A7K	1	3	9	321	4
A7L	1	3	37	992	1
A7N	1	2	29	282	6
A7P	0	1	24	289	2
A7S	0	4	6	86	0
A7T	0	1	5	164	0
A7U	0	0	0	9	0
A7V	1	2	7	231	3
A7W	1	6	18	667	1
A7X	0	1	0	23	0
A7Y	0	1	13	248	0
A80	1	3	10	206	1
A81	0	0	0	8	0
A82	0	0	0	0	0
A83	0	1	9	95	1
A84	0	0	2	3	0
A85	0	3	9	132	0
A86	0	0	0	2	0
A87	0	1	11	242	3
A88	0	0	15	362	2
A89	0	1	23	270	4
A8A	0	0	0	4	0
A8B	0	2	2	44	0
A8C	0	1	10	256	2
A8D	0	0	10	136	0
A8E	0	0	6	32	0
A8F	0	3	21	352	2
A8G	0	0	7	57	0
A8H	0	0	15	180	0
A8J	0	0	9	208	0
A8K	0	0	34	534	1
A8L	0	0	1	16	0
A8M	0	2	3	78	0
A8N	0	5	11	326	1
A8P	0	0	5	45	0
A8R	0	1	13	49	0
A8S	0	0	3	15	0
A8T	0	0	0	5	1
A8U	0	1	12	138	0
A8V	0	0	0	5	0
A8W	0	3	13	196	1
A8X	1	4	22	580	2
A8Y	0	2	2	156	0
A90	0	1	16	324	0
A91	0	0	1	116	2
A92	1	1	9	65	0
A93	0	0	1	56	1
A94	0	1	18	121	0
A95	1	2	11	229	0
A96	0	4	42	477	0
A97	0	1	2	11	0
A98	1	2	3	135	2
A99	0	0	12	193	1
A9A	0	0	7	36	2
A9B	0	0	0	2	0
A9C	0	1	5	73	0
A9D	0	3	41	273	0
A9E	1	4	25	401	0
A9F	2	1	14	475	1
A9G	0	0	0	2	0
A9H	0	2	30	484	2
A9J	0	1	3	35	1
A9K	0	0	4	10	0
A9L	0	1	6	35	0
A9M	1	3	8	256	0
A9N	0	1	11	239	0
A9P	0	0	2	18	0
A9R	0	1	12	378	0
A9S	0	0	2	14	0
A9T	0	2	8	153	4
A9U	0	1	14	144	0
A9V	1	2	4	146	1
A9W	3	4	15	487	1
A9X	0	0	1	13	0
A9Y	0	0	0	16	0
AA0	0	1	15	230	0
AA1	0	3	13	343	4
AA2	0	0	4	119	0
AA3	0	2	6	217	0
AA4	1	0	5	191	0
AA5	0	8	11	501	3
AA6	0	0	0	17	1
AA7	0	1	4	239	2
AA8	0	1	25	398	2
AA9	2	4	22	344	2
AAA	0	0	4	146	0
AAB	1	1	12	279	0
AAC	1	0	23	393	0
AAD	0	0	4	14	0
AAE	0	2	16	208	0
AAF	0	5	14	347	5
AAG	0	1	4	71	2
AAH	0	0	6	113	0
AAJ	1	1	12	91	0
AAK	1	1	11	218	1
AAL	1	3	16	590	1
AAM	0	0	4	19	0
AAN	0	2	11	166	0
AAP	1	2	9	126	1
AAR	0	0	5	29	0
AAS	1	3	21	197	0
AAT	0	0	8	141	1
AAU	0	0	12	204	1
AAV	0	3	26	250	7
AAW	0	0	21	293	1
AAX	0	1	9	123	0
AAY	0	1	25	48	0
AB3	2	5	35	442	9
AB4	0	3	76	1018	1
AB5	4	5	20	1506	1
AB6	0	4	50	544	3
AB9	0	11	21	1637	9
ABA	1	5	48	964	0
ABB	3	9	98	169	1
ABC	5	10	64	544	0
ABD	0	6	102	808	5
ABE	0	5	86	873	8
ABF	0	10	93	945	15
ABG	0	8	82	1023	3
ABH	0	11	105	898	9
ABJ	0	18	126	1317	6
ABK	0	7	71	880	5
ABL	0	7	33	901	5
ABM	0	12	18	468	7
ABP	0	4	25	368	0
ABR	0	14	71	1186	2
ABS	0	12	72	1228	13
ABU	0	5	62	1407	1
ABV	0	2	20	662	27
ABW	0	2	44	1763	8
ABX	0	0	7	3310	17
AC0	0	0	4	107	1
AC2	0	7	27	1519	13
AC3	0	6	23	2241	7
AC4	0	4	15	1925	24
AC5	0	2	16	1970	20
AC6	0	10	27	1523	21
AC7	0	6	20	1313	13
AC9	0	1	40	441	0
ACA	0	5	29	913	2
ACB	0	5	5	2391	14
ACE	0	6	25	1354	19
ACG	0	7	31	387	5
ACH	6	4	39	1142	5
ACJ	0	11	39	274	11
ACK	0	3	9	1682	25
ACL	0	10	31	506	5
ACM	2	2	22	558	7
ACN	2	6	64	724	8
ACP	3	6	58	680	9
ACR	2	5	90	754	9
ACS	0	6	45	1518	4
ACV	0	1	18	2073	23
ACW	0	9	38	1468	4
ACX	2	5	76	266	2
ACY	1	1	32	131	1
AD0	3	7	22	83	10
AD1	0	11	17	1784	18
AD2	1	6	13	954	1
AD7	0	7	61	786	1
AD9	2	6	20	2060	26
ADA	0	2	51	1325	23
ADB	0	5	58	833	2
ADC	0	7	36	1097	1
ADD	0	7	46	989	1
ADE	0	6	20	333	9
ADF	11	4	60	442	4
ADG	1	3	17	623	14
ADH	0	4	32	311	2
ADK	0	8	51	563	5
ADL	1	11	36	1418	1
ADM	1	4	21	1777	6
ADP	0	3	58	1119	13
ADR	3	6	37	1201	5
ADS	0	10	32	1191	15
ADW	0	8	15	1149	5
ADX	1	5	31	210	3
ADY	0	7	20	2091	6
AE0	0	4	10	2124	18
AE4	0	7	55	1097	0
AE6	0	4	59	1318	0
AE7	0	6	44	268	28
AE8	0	11	39	1291	2
AE9	0	7	15	1081	1
AEA	0	5	13	1122	19
AEB	0	5	28	1956	9
AH9	0	0	0	9	0
AHA	0	1	45	516	3
AHB	0	1	23	262	1
AHC	0	3	73	654	2
AHD	0	0	8	75	0
AHE	0	0	1	22	0
AHF	0	3	39	655	1
AHG	0	5	43	560	10
AHH	0	0	0	0	0
AHJ	0	2	33	284	0
AHK	0	3	60	900	0
AHL	0	0	6	39	1
AHM	0	0	2	75	0
AHN	0	5	63	819	4
AHP	0	0	6	61	0
AHR	0	1	13	145	4
AHS	0	0	1	4	0
AHT	0	0	18	221	0
AHU	1	6	46	952	2
AHV	0	1	3	19	0
AHW	0	0	1	16	1
AHX	0	2	55	709	1
AHY	0	0	10	48	0
AJ0	0	1	6	135	0
AJ1	0	0	0	6	0
AJ2	0	2	20	254	1
AJ3	1	5	20	378	0
AJ4	0	0	2	23	0
AJ5	0	0	5	46	3
AJ6	0	4	33	589	1
AJ7	0	1	2	13	0
AJ8	0	2	15	320	0
AJ9	1	3	17	265	0
AJA	0	2	35	489	0
AJB	0	0	6	52	0
AJC	0	0	0	16	0
AJD	0	6	35	784	3
AJE	0	1	0	18	0
AJF	0	1	6	96	2
AJG	0	0	1	5	0
AJH	1	2	18	214	1
AJJ	1	2	20	405	0
AJK	0	0	2	37	0
AJL	0	1	1	58	1
AJM	0	10	26	597	14
AJN	0	0	15	162	0
AJP	0	0	8	214	0
AJR	0	2	14	302	0
AJS	0	0	0	23	0
AJT	0	1	2	81	0
AJU	1	3	36	802	0
AJV	0	0	30	282	3
AJW	0	1	2	11	0
AJX	0	3	23	297	1
AJY	1	6	65	704	3
AK0	0	0	0	12	0
AK1	0	0	0	17	0
AK2	0	7	30	811	3
AK3	0	0	0	9	0
AK4	0	1	45	606	4
AK6	0	8	57	833	5
AK7	0	0	0	7	0
AK8	0	1	7	67	1
AK9	1	9	58	1006	8
AKA	0	0	1	5	0
AKB	0	0	11	132	1
AKC	0	0	0	10	0
AKD	1	5	35	276	0
AKE	0	6	41	850	5
AKF	0	0	6	37	0
AKG	0	0	0	11	0
AKH	0	4	25	488	1
AKJ	0	1	13	222	0
AKK	0	0	0	11	0
AKL	0	1	17	298	0
AKM	0	8	40	515	0
AKN	0	0	0	25	0
AKP	0	0	1	49	0
AKR	0	5	23	529	1
AKS	0	0	15	100	2
AKT	0	0	0	23	0
AKU	0	1	25	281	0
AKV	0	2	33	422	0
AKW	0	0	0	17	0
AKX	0	0	6	56	0
AKY	0	4	19	558	0
AL0	0	1	8	87	0
AL1	0	0	1	1	0
AL2	0	1	14	184	0
AL3	1	7	67	622	3
AL4	0	0	0	4	0
AL5	0	0	3	44	0
AL6	0	5	29	590	1
AL7	0	0	11	17	0
AL8	0	6	34	1033	0
AL9	0	1	9	97	0
ALA	0	0	11	160	0
ALB	2	3	7	145	2
ALC	0	1	53	1060	0
ALE	0	2	3	67	0
ALF	0	1	7	24	0
ALG	0	0	4	8	0
ALH	0	1	33	1193	13
ALJ	0	2	12	1943	8
ALK	1	3	16	715	3
ALL	0	1	29	1800	11
ALM	3	3	24	483	1
ALN	0	4	16	352	0
ALP	4	4	9	469	4
ALS	0	0	2	192	0
ALT	2	5	22	515	0
ALU	0	13	65	950	0
ALV	1	4	49	530	1
ALW	2	3	49	577	1
ALX	0	3	14	712	1
ALY	2	6	13	980	0
AM0	1	2	92	48	7
AM1	0	1	5	61	1
AM2	0	0	20	28	0
AM4	0	4	38	1027	1
AM5	3	5	35	113	8
AM6	0	11	26	312	1
AM7	1	5	24	67	13
AM8	0	5	61	108	3
AM9	0	6	18	45	0
AMA	0	4	24	20	0
AMB	1	1	36	1844	5
AMC	0	7	35	1426	4
AMD	5	2	70	49	0
AMG	0	4	30	245	10
AMH	2	1	30	87	3
AMK	1	9	60	491	8
AML	0	1	49	294	0
AMM	1	3	115	420	2
AMN	0	4	18	367	2
AMR	0	0	4	178	0
AMS	0	11	40	231	11
AMT	0	10	25	254	16
AMU	0	7	15	2166	7
AMW	1	0	36	143	0
AMX	0	1	8	12	0
AMY	0	3	26	1058	0
AN0	5	6	32	1016	3
AN1	3	2	29	213	2
AN2	2	7	38	240	11
AN3	4	11	56	440	3
AN4	0	11	38	1010	8
AN5	0	8	18	362	2
AN7	2	7	18	2644	11
AN8	1	5	26	994	10
AN9	7	10	71	1356	7
ANA	4	2	34	270	3
ANB	1	3	71	622	0
ANC	1	4	56	1226	0
AND	12	10	54	131	28
ANF	0	8	16	1348	1
ANH	0	15	25	108	5
ANJ	0	7	22	329	1
ANK	1	13	29	1841	1
ANL	1	8	30	2052	24
ANM	1	3	21	449	21
ANP	0	3	30	445	0
ANR	0	12	16	1077	2
ANS	0	4	12	62	0
ANT	1	10	42	1088	4
ANU	0	6	30	1441	9
ANX	1	4	85	591	3
ANY	0	7	27	1158	13
AP0	2	8	39	1270	5
AP1	1	2	7	131	1
AP5	0	0	46	184	5
AP6	0	0	1	5	1
AP7	1	4	54	1063	2
AP8	0	0	14	311	0
APC	0	5	55	1070	10
APD	1	7	42	1060	2
APE	0	11	35	718	0
APH	0	5	19	448	0
APJ	0	0	0	44	0
APK	2	0	15	338	3
APL	1	1	20	200	4
APM	0	8	20	1669	20
APN	0	5	48	228	3
APP	1	1	14	993	2
APR	0	7	16	1347	17
APS	0	10	10	248	0
APT	0	2	78	780	0
APU	0	2	39	1520	12
APV	0	2	43	74	0
APW	1	7	16	1916	29
APX	2	5	28	369	5
AR0	0	11	84	1269	5
AR2	1	4	13	908	5
AR3	2	11	40	878	2
AR4	0	0	16	341	0
AR5	1	5	53	449	0
AR7	2	1	37	466	5
AR8	0	12	23	1450	1
AR9	1	11	65	613	7
ARA	1	0	15	16	2
ARB	0	3	35	1208	11
ARC	0	2	40	1120	2
ARD	1	11	17	171	0
ARE	3	1	24	254	5
ARF	0	5	40	1205	1
ARG	1	16	27	464	17
ARH	0	6	53	300	1
ARJ	1	7	52	859	13
ARK	0	3	18	1435	14
ARM	0	0	18	162	1
ARP	0	3	21	388	2
ARR	0	6	20	341	22
ARS	0	8	67	92	3
ART	6	6	73	1315	12
ARW	2	6	23	534	14
ARX	0	2	36	276	1
ARY	0	3	7	2	0
AS0	0	14	16	328	0
AS1	0	4	23	123	7
AS3	1	14	32	617	17
AS4	0	7	41	720	2
AS5	0	1	7	178	0
AS6	0	6	30	486	3
AS7	1	2	73	1094	2
ASA	2	0	51	1679	2
ASB	0	18	28	894	1
ASC	0	7	31	1088	4
ASD	0	0	25	418	33
ASE	0	1	28	1536	7
ASF	0	7	62	1123	0
ASH	1	4	35	204	4
ASJ	1	3	48	744	2
ASK	1	13	29	393	5
ASL	3	3	14	212	9
ASN	0	2	27	2005	10
ASR	0	7	77	542	0
ASS	0	5	20	2045	36
ASU	0	8	44	164	0
ASV	0	3	80	1837	4
ASW	1	11	44	1193	0
ASY	0	15	38	425	8
AT1	4	2	48	1372	1
AT3	1	7	30	1942	6
AT4	1	4	27	2203	18
AT6	2	4	79	78	1
AT7	0	7	23	1321	29
AT8	0	5	74	305	2
AT9	0	1	2	37	12
ATA	1	5	30	556	9
ATE	0	4	29	2170	11
ATG	0	2	7	331	1
AYJ	1	14	40	94	10
AYK	0	13	27	167	4
AYM	0	0	23	101	8
AYP	3	4	55	191	21
AYR	3	0	15	42	1
AYX	0	0	15	8	0
B01	4	5	42	357	9
B02	6	3	20	220	0
B03	1	6	58	1327	4
B04	0	16	38	276	10
B05	0	1	2	108	1
B06	4	4	38	292	2
B07	1	9	62	178	0
B08	0	7	23	279	2
B09	0	2	25	905	1
B0A	0	3	87	831	0
B0B	0	9	31	1929	5
B0G	2	5	24	757	1
B0H	3	6	48	1108	3
B0J	0	0	4	22	0
B0K	0	1	54	659	1
B0L	0	11	65	1462	0
B0M	1	3	39	555	4
B0N	1	1	26	372	1
B0P	1	12	54	245	0
B0R	0	9	43	945	1
B0S	0	1	11	74	0
B0U	0	3	35	2085	3
B0W	1	14	14	699	3
B0X	4	3	31	298	2
B0Y	0	4	17	565	1
B10	0	10	38	234	7
B11	1	3	42	1368	0
B12	1	11	39	612	0
B13	0	1	25	729	0
B14	1	8	29	139	1
B15	1	13	21	178	13
B16	1	5	33	285	7
B17	3	0	26	235	7
B19	1	9	35	1527	14
B1A	0	0	3	4	0
B1C	0	1	5	232	13
B1D	0	4	55	1229	0
B1E	0	5	45	176	0
B1F	0	1	74	489	10
B1G	0	5	31	178	2
B1H	0	9	35	578	152
B1J	0	3	34	638	15
B1K	0	0	6	17	0
B1L	0	3	81	1295	0
B1M	0	1	8	39	5
B1N	1	3	27	1192	8
B1P	1	2	32	524	0
B1R	3	0	33	76	8
B1S	0	0	0	7	0
B1T	0	8	41	745	0
B1U	0	9	55	737	4
B1W	0	0	26	266	17
B1X	0	7	18	2520	9
B1Y	0	3	21	1067	3
B20	0	5	30	1829	20
B21	0	3	18	107	47
B22	2	4	30	1481	0
B23	0	10	31	277	16
B24	0	5	14	1777	9
B25	0	7	38	289	10
B26	0	1	11	45	1
B27	0	0	6	21	1
B28	0	10	36	308	12
B29	1	0	48	297	6
B2A	1	5	43	225	5
B2B	0	0	3	15	0
B2C	2	1	59	264	0
B2D	0	4	27	208	0
B2E	1	3	31	1397	7
B2F	1	14	37	109	8
B2G	1	3	36	643	9
B2H	0	3	43	836	0
B2J	1	2	31	373	0
B2K	1	6	4	61	0
B2L	1	13	19	411	5
B2M	2	5	14	453	2
B2N	0	0	0	103	0
B2P	0	9	25	601	10
B2S	1	2	34	1307	0
B2T	3	6	43	189	3
B2U	0	3	25	117	31
B2V	0	0	4	91	0
B2W	1	9	48	992	0
B2X	0	2	12	239	1
B2Y	0	1	27	559	1
B30	0	7	28	581	5
B31	0	3	120	427	0
B32	4	10	25	213	4
B33	0	8	33	78	20
B34	1	4	51	1721	2
B35	0	0	24	47	1
B38	1	1	15	670	34
B39	0	0	2	13	1
B3A	0	0	1	6	0
B3B	0	1	9	8	0
B3C	0	7	27	25	1
B3D	1	9	37	310	4
B3F	2	3	31	1280	3
B3G	2	3	23	194	3
B3H	0	12	47	699	0
B3J	0	4	21	2501	12
B3K	0	1	58	218	3
B71	0	8	33	538	1
B72	0	9	57	482	6
B73	2	8	66	722	5
B74	1	7	52	450	5
B75	0	8	47	551	11
B76	0	5	39	596	5
B77	1	7	47	556	10
B78	1	6	65	765	5
B79	0	2	17	137	1
B7A	0	2	16	166	1
B7B	0	5	21	153	2
B7C	1	7	53	552	6
B7D	0	6	54	773	5
B7E	0	4	24	195	1
B7F	0	6	14	187	1
B7G	1	7	73	529	9
B7H	0	8	56	514	10
B7J	2	8	68	641	7
B7K	0	4	46	716	6
B7L	0	7	54	669	2
B7M	0	6	36	515	8
B7N	1	6	41	670	6
BLW	0	12	28	252	6
BLX	0	8	83	213	1
BLY	0	12	26	346	7
BM0	0	3	23	311	2
BM1	2	2	39	260	3
BM2	1	10	44	311	0
BM4	2	8	57	1273	3
BM5	0	6	64	456	10
BM6	0	3	53	1348	0
BM9	1	4	39	1045	0
BMA	1	8	27	684	8
BMB	0	5	52	629	7
BMC	5	11	135	596	5
BMD	0	1	62	704	1
BME	0	14	35	162	10
BMF	1	4	33	544	5
BMG	0	4	52	333	38
BMH	0	5	10	107	0
BMJ	0	0	10	125	0
BMK	0	4	32	357	0
BML	0	6	35	204	4
BMM	0	2	63	1953	4
BMN	0	3	19	1965	15
BMP	2	6	18	265	6
BMR	1	8	32	1746	15
BMS	0	0	5	1698	51
BMT	1	4	59	614	1
BMU	0	5	21	1775	14
BMV	0	15	43	1007	1
BMW	3	6	38	1758	19
BMX	0	4	17	2061	21
BMY	3	6	31	285	15
BN1	2	4	27	1522	17
BN2	1	9	23	1258	7
BN3	0	2	49	1568	11
BN4	2	6	67	263	5
BN5	1	2	14	202	0
BN6	1	5	43	1320	3
BN7	0	3	21	61	26
BN8	0	8	30	348	6
BN9	0	6	48	831	7
BNA	0	7	49	104	59
BNB	0	9	45	1084	0
BNC	0	0	22	1887	3
BND	3	5	33	165	19
BNE	2	12	26	387	3
BNF	0	5	33	497	12
BNG	0	3	36	332	14
BNH	1	1	36	268	2
BNJ	0	3	51	227	1
BNK	1	2	23	509	5
BNL	4	5	46	120	1
BNM	5	8	18	297	1
BNN	0	8	58	1789	3
BNP	1	1	22	330	4
BNS	0	2	27	433	17
BNT	2	5	39	484	76
BNU	0	3	18	1683	1
BNV	4	9	40	722	8
BNW	0	1	12	85	2
BNX	4	2	32	29	3
BNY	4	7	49	231	3
BP0	0	5	22	2000	10
BP1	1	8	26	1732	2
BP2	7	1	11	138	0
BP3	1	0	12	14	0
BP4	0	2	43	705	2
BP5	2	6	21	254	0
BP6	1	0	4	15	0
BP7	0	2	25	2099	9
BP8	0	5	8	722	18
BP9	0	6	14	1768	10
BPA	1	6	27	2265	8
BPB	1	4	29	208	3
BPC	0	0	48	129	0
BPD	1	2	7	1826	12
BPE	0	3	15	110	2
BPF	2	6	50	286	4
BPG	0	0	33	166	2
BPH	1	7	38	1187	3
BPJ	2	3	30	251	0
BPK	0	3	30	1029	0
C85	1	4	9	2171	15
C86	0	1	15	3006	6
C87	2	4	47	329	14
C88	0	6	43	852	2
C89	1	3	31	248	3
C8A	1	2	36	631	6
C8B	2	2	34	437	9
C8D	3	8	19	2029	21
C8E	0	6	24	2048	28
C8F	1	2	46	394	2
C8G	0	1	6	130	8
C8H	0	4	5	215	0
C8J	0	2	2	215	0
C8K	0	1	3	135	6
C8L	1	13	27	647	11
C8M	5	4	102	474	1
C8N	1	2	12	277	9
C8P	0	1	24	193	0
C8R	0	12	49	356	1
C8S	0	4	45	1814	10
C8T	0	14	24	1578	9
C8U	0	6	24	608	7
C8V	0	9	33	340	39
C8X	0	0	3	105	8
C8Y	0	13	52	81	1
C90	1	19	43	1148	1
C91	6	9	17	121	0
C92	7	2	33	141	0
C93	2	2	69	816	1
C94	0	5	37	149	4
C95	11	8	84	422	20
C96	5	7	55	288	10
C97	8	10	74	264	10
C98	0	6	13	2060	8
C9A	7	1	35	793	1
C9B	0	10	25	158	2
C9C	0	7	39	69	0
C9D	0	0	1	309	0
C9E	1	5	60	573	9
C9F	1	7	38	179	1
C9H	5	1	38	509	10
C9J	9	10	60	662	13
C9K	9	6	87	705	9
C9L	5	5	60	839	23
C9M	2	3	71	805	15
C9N	9	5	57	759	5
C9P	4	2	19	133	6
C9R	0	2	13	317	30
C9S	2	9	25	753	8
C9U	1	5	43	1204	10
C9V	0	6	22	433	8
C9W	0	13	34	639	8
C9X	0	4	32	176	2
C9Y	3	7	12	266	9
CA0	0	4	33	1882	10
CA1	0	8	43	247	4
CA2	2	2	15	229	1
CA3	1	2	13	1408	33
CA4	1	5	27	62	1
CA5	3	3	18	471	53
CA6	0	3	32	1147	3
CA7	0	7	70	755	0
CA8	0	7	13	1290	0
CA9	1	3	26	1345	9
CAA	0	0	14	30	0
CAB	2	13	11	2781	13
CAC	4	12	33	1043	4
CAD	2	8	58	788	18
CAE	4	8	52	528	16
CAF	0	1	48	674	7
CAG	1	8	40	772	13
CAH	0	11	48	775	12
CAJ	0	4	41	744	8
CAK	0	4	24	507	8
CAL	0	8	49	520	6
CAM	0	1	12	1711	16
CAN	1	8	26	414	1
CAP	0	5	22	724	11
CAR	1	13	41	1432	8
CAS	1	7	32	422	9
CAT	2	1	20	378	5
CAU	3	8	33	615	2
CAV	0	1	1	114	3
CAW	0	5	30	777	0
CAX	0	0	0	73	0
CAY	1	5	24	46	0
CB0	0	2	6	481	17
CB1	0	17	50	150	5
CB2	3	3	45	753	5
CB3	1	3	37	688	10
CB4	2	1	49	366	26
CB5	0	5	30	2149	24
CB6	0	12	73	1222	0
CB8	0	6	54	795	15
CB9	2	3	39	253	2
CBA	0	4	36	1467	0
CBB	0	3	23	552	1
CBC	4	12	311	4037	60
CBD	0	3	11	482	0
CBE	0	5	37	1632	1
CBF	13	21	217	8499	11
CBG	11	28	322	5918	5
CBH	0	4	7	191	0
CBJ	0	6	50	873	3
CBK	0	4	19	1508	0
CBL	0	2	14	24	0
CBM	0	3	18	354	0
CBN	1	8	38	1931	18
CBP	2	6	55	52	8
CBR	0	12	14	114	13
CBT	5	12	69	921	10
CBU	4	6	95	980	9
CBV	7	9	84	1127	7
CBW	3	6	90	1193	5
CBX	6	7	92	1116	15
CBY	3	7	81	1070	8
CC0	0	2	20	204	1
CC1	1	1	2	67	0
CC2	0	0	0	59	4
CC3	0	0	3	55	2
CC4	0	0	1	23	1
CC5	0	1	2	48	0
CC6	0	0	3	111	3
CC7	0	0	5	185	7
CC8	0	1	3	56	2
CC9	1	1	7	89	0
CCA	0	2	13	530	1
CCB	0	3	62	581	2
CCC	0	5	28	1618	3
CCD	3	9	12	1574	6
CCE	1	11	22	675	7
CCF	1	1	6	142	0
CCG	0	3	1	134	1
CCH	0	2	10	163	3
CCJ	0	1	4	141	3
CCK	1	5	58	1301	6
CCL	1	7	33	357	1
CCM	0	2	22	1876	12
CCN	1	2	30	305	5
CCP	1	5	46	632	3
CCR	2	8	25	853	0
CCS	0	4	19	1085	1
CCT	0	5	38	441	3
CCU	0	11	3	53	0
CCV	0	8	24	492	3
CCW	0	4	26	1615	2
CCX	3	3	51	145	13
CCY	2	4	36	174	11
CD0	1	1	13	42	8
CD2	0	6	18	1895	16
CD3	0	8	44	908	4
CD4	0	2	10	304	1
CD5	2	6	44	599	6
CD6	3	4	54	501	7
CD8	2	13	27	1409	4
CD9	0	5	52	1302	2
CDA	3	6	43	1985	6
CDB	0	8	24	1691	7
CDC	0	6	25	1153	2
CDD	0	8	16	914	1
CDE	0	7	23	1800	14
CDF	0	4	22	388	4
CDG	1	6	23	1793	1
CDH	0	0	7	68	2
CDJ	3	1	20	77	4
CDK	0	3	25	253	23
CDM	0	9	13	2289	3
CDN	0	11	22	1795	10
CDP	0	4	20	246	0
CDR	3	6	44	58	4
CDS	0	7	32	1158	5
CDT	1	6	33	278	3
CDU	0	9	27	1244	1
CDV	0	12	38	534	8
CDW	1	5	31	385	1
CDX	0	5	59	1952	34
CDY	0	1	27	2172	19
CE0	0	0	2	52	8
CE1	1	13	29	113	6
CE2	3	4	15	519	1
CE4	4	5	47	229	0
CE5	3	3	17	2078	22
CE6	0	1	4	55	4
CE7	1	6	40	1252	2
CE8	0	3	43	608	2
CE9	1	11	19	1554	6
CEB	0	3	17	1946	10
CEC	0	4	22	1813	7
CED	2	1	3	217	0
CEE	0	4	38	970	0
CEF	0	9	32	209	17
CEG	0	5	50	477	3
CEH	0	2	25	1875	27
CEJ	0	3	46	1082	20
CEK	2	8	185	2256	24
CEL	0	0	20	470	1
CEM	1	3	47	1557	2
CEN	4	9	129	4414	1
CEP	13	17	284	5038	7
CER	0	2	24	1002	6
CES	1	2	49	1599	6
CET	0	9	47	509	22
CEU	1	0	21	2510	25
CEV	0	0	2	107	5
CEW	0	4	34	856	0
CEX	0	5	24	2110	25
CEY	0	3	41	2213	44
CF4	3	7	29	1318	8
CF5	0	0	7	37	0
CF6	0	0	6	116	0
CF7	0	0	0	6	0
CF8	0	3	17	322	0
CF9	3	3	32	1033	0
CFA	0	1	0	37	0
CFB	2	3	28	707	1
CFC	2	7	34	1215	0
CFD	0	2	1	44	0
CFE	0	6	22	156	1
CFF	0	9	36	1254	3
CFG	0	2	4	178	0
CFH	0	1	13	431	1
CFJ	0	2	20	992	12
CFK	1	0	80	587	0
CFL	1	3	31	249	3
CFM	0	0	1	24	2
CFN	1	0	16	19	0
CFP	0	2	24	46	0
CFR	1	2	48	51	12
CFS	6	3	85	164	11
CFT	2	4	184	260	15
CFU	0	1	21	42	1
CFV	1	0	72	98	19
CFW	0	3	21	461	0
CFX	0	11	24	527	2
CFY	1	7	15	1358	10
CG0	0	7	17	1340	2
CG1	0	7	46	472	7
CG2	0	5	57	582	4
CG3	4	6	23	478	30
CG5	4	7	30	167	10
CG6	0	9	30	145	2
CG7	0	0	1	3	0
CG8	0	0	2	12	0
CG9	0	5	10	53	1
CGA	4	0	6	93	1
CGB	5	3	46	593	12
CGC	3	2	57	707	10
CGD	1	7	20	344	7
CGE	1	9	37	485	22
CGF	0	5	22	228	8
CGH	4	4	61	439	13
CGJ	3	2	17	849	0
CGL	1	5	35	1024	3
CGM	0	0	20	112	5
CGN	2	1	11	91	5
CGP	2	0	15	70	6
CGS	0	9	22	337	13
CGT	1	6	21	316	6
CGU	2	2	12	308	3
CGV	2	3	23	210	4
CGW	1	5	21	258	1
CGX	2	5	23	260	4
CGY	0	6	10	284	0
CH0	0	2	16	2168	5
CH1	4	12	192	3182	28
CH2	2	17	133	7121	15
CH3	7	7	147	3316	4
CH4	0	5	13	2189	22
CH5	4	7	117	1645	20
CH6	2	5	111	4986	8
CH7	6	4	131	2308	7
CH8	1	4	51	1320	6
CH9	0	1	6	326	3
CHA	5	5	96	1490	25
CHB	3	6	53	713	23
CHC	0	18	28	162	5
CHE	0	4	35	1297	5
CHF	0	5	51	267	0
CHG	0	5	35	1467	8
CHH	1	2	55	236	4
CHJ	0	4	32	181	1
CHK	2	3	39	184	0
CHL	1	15	31	318	1
CHP	0	0	26	303	0
CHR	0	0	7	417	74
CHS	1	7	24	381	6
CHT	1	12	22	131	5
CHU	2	6	27	1622	1
CHV	1	5	39	663	7
CHW	1	6	40	621	7
CJ1	5	6	34	154	1
CJ2	0	6	20	536	3
CJ3	0	5	64	190	1
CJ4	0	2	8	170	0
CJ5	0	0	5	132	0
CJ6	1	1	15	147	0
CJ7	0	0	12	159	0
CJ8	1	0	5	127	0
CJ9	1	1	26	122	39
CJA	0	1	21	2687	20
CJB	1	1	31	184	1
CJC	0	3	22	234	3
CJD	0	5	48	659	1
CJE	1	9	21	27	0
CJF	0	10	22	1775	13
CJG	0	11	19	79	4
CJH	0	10	76	235	0
CJJ	0	9	21	1722	15
CJK	0	0	65	194	0
CJM	0	1	3	82	0
CJN	0	0	7	69	0
CJP	0	5	15	403	0
CJR	0	1	11	356	0
CJS	1	4	8	295	0
CJT	0	1	21	1374	14
CJU	0	1	10	17	1
CJX	0	3	11	1650	14
CK0	0	2	31	1941	20
CK1	0	11	8	315	13
CK2	0	6	86	546	3
CK3	1	2	22	188	4
CK4	3	5	60	680	20
CK5	2	7	67	712	25
CK6	4	3	60	674	23
CK9	0	3	20	1347	13
CKA	4	8	37	636	5
CKB	0	6	17	2299	23
CKC	0	2	34	1177	24
CKD	1	3	21	1725	14
CKE	0	1	13	2411	11
CKF	0	5	20	1668	15
CKG	0	1	8	123	0
CKH	0	1	5	179	0
CKJ	0	1	4	97	0
CKK	1	0	9	136	0
CKL	0	0	33	547	1
CKM	1	2	39	375	0
CKN	0	6	32	697	3
CKP	0	7	49	669	0
CKR	0	7	50	1262	4
CKS	0	6	34	204	5
CKT	0	2	41	554	5
CKU	1	4	69	597	3
CKV	0	8	35	395	1
CKW	1	5	59	560	1
CKX	2	6	47	511	3
CKY	0	2	74	605	2
CL0	0	4	23	158	3
CL1	0	6	41	873	2
CL2	0	5	39	1783	3
CL4	0	1	6	116	0
CL5	0	1	8	161	1
CL6	0	10	27	716	2
CL7	1	12	38	540	2
CL8	0	1	6	95	0
CL9	0	0	6	77	0
CLA	0	0	1	85	0
CLB	0	1	8	40	0
CLC	0	1	2	63	0
CLD	0	4	32	2059	3
CLE	0	9	18	355	1
CLG	5	4	53	122	8
CLH	7	6	25	257	0
CLK	0	10	20	162	6
CLL	0	7	60	91	20
CLM	0	7	36	856	0
CLN	0	14	26	1002	1
CLP	4	10	31	103	1
CLR	0	15	30	1189	0
CLS	0	11	37	929	1
CLT	6	8	62	294	10
CLU	6	5	31	1060	0
CLV	1	3	27	1121	2
CLW	1	4	36	358	3
CLX	0	16	42	1423	1
CLY	0	7	32	629	6
CM0	2	11	72	710	10
CM1	1	2	65	1098	0
CM2	0	5	34	201	7
CM4	0	8	23	1938	23
CM5	1	6	12	795	18
CM6	0	12	58	1266	2
CM8	0	30	29	260	3
CM9	0	5	49	909	0
CMA	0	6	41	389	3
CMB	1	5	21	518	4
CMC	3	4	70	356	0
CMD	1	3	42	218	0
CME	0	2	41	342	0
CMF	0	6	26	403	9
CMG	0	5	16	1264	0
CMH	0	5	45	265	5
CMJ	0	3	15	1469	10
CMK	0	6	16	126	0
CML	0	5	27	2014	16
CMM	3	13	60	143	7
CMN	0	12	27	194	12
CMP	0	6	30	1913	10
CMR	0	11	25	146	5
CMS	0	5	37	408	3
CMT	2	6	50	278	2
CMU	0	15	23	407	2
CMW	2	0	5	71	1
CMX	1	0	8	107	0
CMY	1	0	7	92	1
CN0	1	2	3	48	0
CN1	6	2	79	432	6
CN2	0	8	43	641	1
CN3	0	2	19	2328	17
CN4	0	2	22	238	1
CN5	0	7	35	335	6
CN6	0	4	24	217	5
CN9	0	8	31	670	4
CNA	0	3	12	214	1
CNC	0	0	4	62	0
CND	0	1	4	69	0
CNE	0	0	3	66	0
CNF	0	2	4	105	0
CNG	0	0	8	112	0
CNH	0	1	1	80	0
CNJ	0	2	3	62	0
CNK	0	0	8	79	2
CNL	0	0	4	69	1
CNM	0	1	6	94	0
CNN	0	0	6	44	0
CNP	0	1	9	67	0
CNR	0	3	2	52	0
CNS	0	4	3	72	0
CNT	0	4	9	94	0
CNU	0	0	3	53	0
CNV	0	0	7	87	0
CNW	0	0	2	48	0
CNX	0	1	4	82	0
CNY	0	2	5	78	0
CP0	0	0	4	62	0
CP1	0	1	7	92	0
CP2	0	0	4	81	0
CP3	0	1	4	81	0
CP4	0	0	9	80	0
CP5	1	1	6	44	0
CP6	0	0	11	76	0
CP7	0	1	2	75	0
CP8	0	1	5	106	0
CP9	0	1	4	50	0
CPA	0	1	8	75	0
CPB	0	1	7	86	0
CPC	0	2	1	61	0
CPD	0	2	1	48	0
CPE	0	3	4	75	0
CPF	0	0	4	106	0
CPG	0	1	7	123	0
CPH	0	1	4	92	0
CPJ	0	2	0	52	1
CPK	0	0	2	79	0
CPL	0	0	4	65	0
CPM	0	0	9	96	0
CPN	0	0	19	170	0
CPP	0	0	5	79	0
CPR	0	2	7	90	2
CPS	0	2	10	107	0
CPT	1	0	6	96	1
CPU	0	0	3	76	0
CPV	0	1	5	88	0
CPW	0	4	6	101	0
CPX	0	0	3	53	1
CPY	0	2	4	86	0
CR0	0	3	3	84	0
CR1	0	0	3	43	0
CR2	0	2	1	67	0
CR3	0	0	9	67	0
CR4	0	1	19	349	4
CR5	1	3	12	276	2
CR6	0	5	23	2621	17
CR7	0	19	86	904	9
CR8	2	11	84	871	8
CR9	0	11	81	895	8
CRA	0	9	82	813	7
CRB	0	20	98	1072	13
CRC	1	9	117	1207	10
CRD	0	15	38	1112	0
CRE	1	6	28	2017	14
CRF	0	11	26	331	8
CRJ	0	8	53	678	3
CRK	0	17	43	1092	0
CRM	2	12	190	3134	11
CRP	0	1	15	195	0
CRR	5	12	36	866	0
CRS	1	6	28	921	1
CRT	0	6	42	720	2
CRU	0	6	23	602	6
CRV	0	6	27	215	4
CRW	0	5	38	373	4
CRX	1	10	47	540	0
CRY	0	13	54	1579	6
CS0	0	4	37	334	6
CS1	0	7	22	776	6
CS2	0	25	49	198	5
CS3	2	9	32	322	3
CS4	0	6	35	1529	9
CS5	0	11	43	1018	0
CS6	0	4	44	1059	0
CS7	2	5	21	798	1
CS8	1	0	4	48	0
CS9	0	0	4	40	0
CSA	1	0	10	87	0
CSB	3	0	3	67	0
CSC	1	0	9	83	0
CSD	0	0	6	60	0
CSE	1	0	10	79	0
CSF	1	0	7	64	0
CSG	2	0	0	63	0
CSH	1	0	3	43	0
CSJ	0	0	6	71	0
CSK	0	0	11	81	0
CSL	0	0	7	91	0
CSM	0	0	5	65	0
CSN	1	1	6	59	0
CSP	0	0	8	93	3
CSR	1	2	1	45	0
CSS	1	2	3	122	1
CST	0	0	8	90	1
CSU	1	0	6	95	0
CSV	0	0	8	115	0
CSW	0	1	2	86	0
CSX	0	1	10	75	1
CSY	0	1	2	82	0
CT0	0	0	9	78	1
CT1	2	0	10	57	0
CT2	2	2	7	67	0
CT3	0	0	5	97	0
CT4	0	1	5	86	0
CT5	2	1	4	75	0
CT6	1	1	8	62	0
CT7	1	0	9	72	0
CT8	0	0	9	66	0
CT9	0	0	7	71	1
CTA	2	0	7	68	0
CTB	2	1	4	59	0
CTC	0	1	6	78	0
CTD	3	1	7	79	0
CTE	2	0	5	46	0
CTF	0	1	6	41	0
CTG	0	0	6	56	0
CTH	3	2	10	88	0
CTJ	1	0	9	76	0
CTK	1	1	8	93	0
CTL	0	0	11	63	0
CTM	1	0	6	40	1
CTN	0	1	6	52	0
CTP	0	0	4	73	1
CTR	1	0	4	102	0
CTS	0	0	6	43	0
CTT	1	0	8	59	0
CTU	1	1	4	76	0
CTV	1	0	3	53	0
CTW	0	5	76	999	0
CTX	6	2	90	363	4
CTY	0	7	20	354	10
CU0	0	5	58	1058	4
CU1	0	7	53	1113	10
D8Y	0	0	4	249	0
D90	0	1	4	182	1
D91	7	1	3	151	8
D92	0	0	0	6	0
D94	0	0	0	3	0
D95	1	1	7	146	4
D96	0	0	0	11	0
D97	4	1	4	320	13
DCH	1	1	3	220	5
DCJ	0	1	2	98	0
DCK	0	1	0	72	1
E9N	0	1	4	183	0
E9P	2	5	24	600	0
E9R	1	2	16	498	0
E9S	0	2	19	353	2
E9T	0	7	16	480	2
E9U	1	3	9	522	2
E9V	0	10	33	1115	0
E9W	0	7	34	330	2
E9X	0	0	21	173	0
E9Y	0	4	23	261	0
EA0	0	8	36	730	5
EA1	1	3	21	550	4
EA2	1	4	36	657	2
EA3	2	3	5	243	0
EA4	1	3	15	312	3
EA5	0	4	17	1740	6
EA6	0	11	74	1402	2
EA7	0	6	24	723	0
EA8	1	12	60	341	2
EA9	0	2	19	81	4
EAA	0	7	43	75	8
EAJ	0	8	28	567	3
EAK	0	7	32	305	3
EAM	0	0	0	17	0
EAP	0	1	2	14	0
EAR	0	0	0	12	0
EAS	0	2	1	3	0
EAT	0	3	9	58	13
EAU	0	2	8	29	0
EAW	0	0	138	149	0
EAX	0	3	21	345	0
EAY	0	5	30	985	4
EB1	9	4	17	126	9
EB2	0	14	17	162	5
EB3	0	7	48	922	7
EB6	3	1	46	232	13
EB7	0	4	56	890	0
EB8	0	1	3	61	1
EB9	0	0	4	142	3
EBA	0	1	2	57	2
EBB	0	1	7	39	0
EBC	0	0	6	77	0
EBD	0	1	6	70	0
EBE	0	1	4	48	1
EBF	1	1	5	57	0
EBG	0	0	5	82	1
EBH	0	1	5	77	0
EBJ	0	1	7	52	0
EBK	0	1	7	52	0
EBL	0	0	0	4	1
EBM	0	7	13	239	3
EBN	0	0	29	20	1
EBP	0	4	28	1068	0
EBR	0	9	40	330	8
EBS	1	11	80	772	3
EBT	2	10	91	881	4
EBU	1	10	76	910	9
EBV	1	4	80	977	7
EBW	0	3	63	827	8
EBX	1	5	65	612	2
EBY	0	0	6	69	1
EC0	0	1	4	62	0
EC1	0	0	2	43	0
EC2	0	2	11	87	1
EC3	2	7	21	506	2
EC4	0	0	24	82	4
EC5	0	1	9	99	0
EC7	1	10	22	506	8
EC8	0	4	27	482	1
EC9	0	0	17	27	0
ECB	0	13	37	680	9
ECD	7	11	30	366	8
ECE	4	1	46	330	25
ECF	4	4	135	142	1
ECG	1	3	38	663	1
ECH	0	10	57	469	2
ECJ	1	5	53	155	8
ECK	0	2	34	1701	4
ECL	0	0	5	2	0
ECM	0	5	32	1628	0
ECN	3	11	37	438	4
ECR	0	3	30	205	0
ECS	0	2	34	91	0
ECT	4	4	79	1195	11
ECU	2	5	70	1360	22
ECV	0	15	19	217	6
ECX	4	4	32	520	6
ECY	0	3	33	480	5
ED0	0	0	11	15	0
ED1	0	0	31	37	0
ED2	0	3	35	278	0
ED3	2	5	64	394	9
ED4	0	5	78	662	4
ED5	0	2	26	807	4
ED6	2	9	153	967	1
ED7	4	10	113	1069	15
ED9	3	9	118	1508	8
EDA	0	15	35	1450	3
EDB	0	0	0	2	1
EDC	3	3	34	1026	1
EDD	0	7	26	310	4
EDE	0	9	40	924	3
EDF	0	10	34	1268	3
EDG	0	4	57	222	6
EDH	2	4	36	273	2
EDJ	0	1	14	1219	29
EDK	0	2	54	834	0
EDL	0	11	11	498	0
EDN	0	3	23	1913	11
EDP	0	7	43	1349	1
EDR	0	2	21	478	1
EDT	0	7	65	637	4
EDU	2	7	43	397	16
EDY	0	18	38	1065	14
EE0	3	1	30	48	5
EE1	1	2	21	455	0
EE2	0	12	38	1296	0
EE5	0	5	24	1429	0
EE6	1	0	4	182	0
EE7	0	2	3	22	1
EE8	6	7	30	224	2
EE9	0	8	43	1274	0
EEA	0	4	7	38	2
EEB	0	6	30	121	7
EEC	0	9	39	976	2
EED	1	2	2	197	0
EEE	0	6	36	1289	0
EEF	0	12	33	574	1
EEG	0	0	6	23	0
EEH	0	3	12	163	3
EEJ	0	0	18	25	0
EEK	0	6	33	229	4
EEL	0	6	10	378	2
EEM	0	8	26	1059	1
EEN	1	7	34	842	0
EER	2	2	28	218	6
EES	7	4	45	287	6
EET	2	1	56	41	0
EEV	0	2	5	216	0
EEW	0	1	24	1396	7
EEX	0	0	12	288	1
EEY	0	5	30	1004	1
EF0	1	22	22	409	7
EF1	0	5	14	2025	19
EF2	0	6	47	1008	0
EF3	0	3	7	565	0
EF4	1	24	24	615	0
EF5	0	1	23	165	4
EF6	0	5	28	758	0
EF8	0	7	11	437	9
EF9	0	0	0	66	3
EFA	0	11	32	785	4
EFC	0	0	42	134	1
EFD	6	5	17	574	28
EFE	0	0	7	6	3
EFF	0	7	75	698	8
EFG	1	4	32	559	18
EFH	4	7	24	410	3
EFJ	0	1	40	2278	7
EFN	0	8	63	1969	0
EFP	0	4	25	1095	4
EFR	0	7	88	492	4
EFS	0	2	7	192	3
EFT	0	11	31	606	4
EFU	0	2	50	599	6
EFV	0	8	47	1474	2
EFW	0	15	31	1504	6
EFX	0	18	34	1243	0
EG0	0	4	52	1106	9
EUR	0	2	18	34	3
EUS	0	3	35	115	14
EUU	1	12	36	1235	13
EUW	0	9	15	97	4
EUX	0	0	2	25	5
EUY	2	3	6	132	7
EV1	0	8	9	1745	27
EV3	1	11	12	698	0
EV4	0	10	39	349	11
EV5	2	9	16	275	2
EV6	4	5	34	50	0
EV8	0	5	16	263	1
EV9	0	7	16	213	2
EVA	1	9	38	688	4
EVB	0	2	18	84	2
EVC	0	4	19	1622	14
EVF	0	10	41	206	10
EVG	0	5	32	1956	7
EVH	2	5	35	831	5
EVJ	1	5	43	1093	5
EVK	0	8	19	370	5
EVM	0	10	16	36	70
EVN	0	12	27	1143	7
EVP	0	6	40	562	7
EVR	0	0	9	354	0
EVS	1	2	57	759	2
EVV	0	8	62	641	3
EVW	0	3	21	48	0
EVX	1	6	16	287	1
EVY	0	7	25	48	1
EW1	0	6	50	1160	0
EW4	0	4	26	267	7
EW5	0	5	128	92	30
EW6	0	6	17	418	5
EW7	0	9	31	399	2
EW8	0	2	16	152	5
EW9	0	16	27	1303	0
EWA	0	3	28	255	8
EWB	0	4	43	492	0
EWC	0	3	36	2028	34
EWF	0	0	0	70	0
EWG	0	10	52	1636	0
EWH	0	3	29	1387	9
EWM	0	0	2	178	0
EWR	2	16	41	586	0
EWS	0	0	5	240	0
EWW	0	3	29	65	2
EWX	0	5	14	232	0
EX0	1	4	85	169	0
EX1	0	0	43	516	0
EX2	0	6	18	79	5
EX4	0	0	2	33	0
EX5	1	4	53	127	24
EX6	0	6	36	68	3
EX7	0	0	6	160	3
EX8	0	0	8	29	0
F71	1	0	1	61	1
F72	0	0	7	283	9
F73	0	0	0	6	0
F74	0	0	0	8	0
F75	0	0	0	5	1
F76	0	0	0	2	0
F77	1	0	2	48	3
F78	0	0	0	0	0
F7A	3	3	6	157	3
F7C	1	1	3	202	11
F7E	2	0	1	45	3
F7F	3	2	1	104	6
F7G	0	0	4	48	3
F7J	7	1	3	85	5
F7K	0	0	0	19	1
F7L	1	0	2	55	3
F7M	0	0	2	38	2
F7N	0	0	0	40	4
F7R	0	0	3	98	9
F7S	0	0	1	2	1
F7T	0	1	7	83	8
F7U	2	0	13	119	10
F7V	3	4	7	163	4
F7W	1	0	0	65	1
F7X	0	0	0	54	1
F7Y	0	1	4	97	3
F81	1	0	4	318	7
F82	0	2	3	86	4
F84	1	2	1	16	0
F85	0	1	2	96	1
F86	1	2	3	51	0
F87	0	0	0	43	0
F88	5	1	1	72	2
F89	0	0	0	3	1
F8A	1	0	1	40	9
F8B	3	1	4	71	1
F8C	1	0	0	24	3
F8D	1	0	7	42	5
F8E	4	1	6	12	6
F8F	0	0	0	6	0
F8G	1	0	4	42	2
F8H	0	1	5	27	0
F8J	0	0	1	13	0
F8L	0	1	4	86	8
F8M	2	2	1	49	4
F8N	1	0	4	35	0
F8P	0	0	4	179	8
F8R	0	1	10	256	5
F8S	0	0	7	22	0
F8U	1	1	3	106	5
F98	0	0	11	47	1
F99	0	6	19	2241	21
F9A	1	1	39	227	1
F9B	0	3	30	413	1
F9C	0	7	23	2241	7
F9D	0	8	47	126	9
F9F	0	4	55	134	2
F9G	0	1	33	591	1
F9H	0	8	45	1502	3
F9J	0	5	27	351	3
F9K	0	7	42	205	12
F9L	0	9	9	1014	0
F9M	0	0	1	127	13
F9P	0	14	32	1501	0
F9R	0	2	20	1871	15
F9S	1	1	49	369	6
F9T	0	9	16	752	16
F9U	0	11	22	1426	2
F9V	0	8	16	242	6
F9W	1	5	33	297	21
F9X	0	10	16	2532	20
F9Y	0	18	34	1175	2
FA0	1	5	49	430	14
FA1	2	10	32	234	7
FA2	0	8	67	453	0
FA3	0	7	28	168	19
FA4	0	1	8	61	0
FA6	1	9	25	494	3
FA8	1	12	30	560	10
FA9	0	5	22	618	2
FAB	1	9	27	2565	33
FAC	0	13	33	233	2
FAD	0	3	38	275	0
FAE	0	8	52	523	1
FAF	0	7	63	382	3
FAG	0	7	84	1124	6
FAH	2	4	55	388	6
FAJ	0	3	18	675	23
FAK	0	11	35	227	0
FAM	0	5	32	565	4
FAN	0	3	28	2040	1
FAP	0	1	14	2385	41
FAS	0	1	2	284	15
FAT	0	8	23	2242	6
FAU	0	7	19	297	13
FAV	4	5	24	282	2
FAW	0	3	22	383	1
FAY	5	7	20	314	11
FB0	0	9	19	1558	18
FB1	0	11	81	1347	0
FB2	0	9	69	368	2
FB3	0	6	20	258	4
FB4	0	0	33	558	0
FB5	0	10	21	482	1
FB6	1	0	53	309	0
FB7	0	7	69	1201	4
FB8	1	4	26	304	1
FB9	1	5	28	1562	9
FBA	0	11	88	871	1
FBB	0	3	32	891	3
FBC	0	7	40	387	5
FBD	1	2	26	248	5
FBE	3	3	16	422	6
FBF	2	2	17	165	4
FBG	0	1	15	487	9
FBH	1	7	43	316	6
FBJ	0	2	7	580	1
FBK	1	1	16	512	3
FBL	1	11	83	1369	11
FBM	5	6	113	1663	14
FBN	9	13	85	424	11
FBP	0	7	29	208	2
FBR	2	2	18	289	0
FBS	0	0	0	71	0
FBT	0	0	7	126	0
FBU	0	0	0	71	0
FBV	1	1	3	210	1
FBW	0	6	3	126	0
FBX	0	0	3	113	0
FBY	0	0	0	106	0
FC0	0	1	0	28	0
FC1	0	2	0	44	0
FC2	0	1	0	79	0
FC3	0	0	0	36	0
FC4	0	7	0	39	0
FC5	0	1	6	163	0
FC6	0	4	0	146	0
FC7	0	0	0	41	0
FC8	0	0	0	26	0
FC9	0	0	0	39	0
FCA	0	0	1	89	0
FCB	0	2	1	116	0
FCC	0	3	0	140	1
FCD	0	0	0	47	2
FCE	0	4	5	171	0
FCF	0	1	1	68	0
FCG	0	0	0	49	0
FCH	0	1	0	87	0
FCJ	0	10	1	367	0
FCK	0	4	4	124	0
FCL	0	9	5	606	1
FCM	0	1	3	76	0
FCN	0	0	2	77	0
FCP	0	0	0	105	0
FCR	0	0	3	163	0
FCS	0	2	3	214	0
FCT	0	0	0	113	0
FCU	0	0	1	47	0
FCV	0	3	0	59	0
FCW	0	4	5	93	0
FCX	0	1	4	113	0
FCY	0	2	0	93	0
FD0	0	1	6	106	0
FD1	0	5	3	284	0
FD2	0	0	1	161	0
FD3	1	7	1	603	1
FD4	0	1	1	131	0
FD5	0	1	3	89	0
FD6	0	0	0	97	0
FD7	0	5	0	270	0
FD8	0	2	1	83	0
FD9	0	4	2	93	0
FDA	0	1	1	156	0
FDB	0	0	4	122	0
FDC	0	7	9	224	0
FDD	0	6	7	247	0
FDE	0	0	1	12	0
FDF	0	0	0	33	0
FDG	0	1	6	129	1
FDH	0	2	1	75	0
FDJ	0	2	1	86	0
FDK	0	2	1	85	0
FDL	0	0	4	134	0
FDM	0	1	0	68	0
FDN	0	0	1	81	0
FDP	0	1	1	125	0
FDR	0	8	5	90	0
FDS	0	0	0	79	0
FDT	0	0	3	114	0
FDU	0	0	1	90	0
FDV	0	4	10	248	0
FDW	0	0	2	143	0
FDX	0	0	0	59	0
FDY	1	2	0	63	0
FE0	0	0	1	71	0
FE1	0	2	3	248	0
FE2	0	5	2	357	0
FE3	0	1	4	180	1
FE5	0	11	26	713	1
FE6	2	9	49	147	0
FEB	1	7	44	200	2
FED	9	1	8	528	0
FEE	1	10	24	2152	27
FEF	0	2	15	77	19
FEH	1	5	30	171	8
FEJ	0	1	4	92	0
FEM	0	4	37	2129	5
FEP	0	8	54	1177	1
FES	0	12	25	1164	6
FET	0	7	8	1561	14
FEU	0	7	35	309	10
FEV	1	9	58	160	2
FEW	0	7	26	455	0
FEX	3	6	49	244	8
FF0	0	16	39	313	4
FL4	1	0	3	60	4
FL5	1	0	2	63	4
FL6	1	1	3	61	1
FL7	0	0	3	43	2
FL8	0	0	5	62	4
FL9	0	0	2	60	4
FLA	1	1	1	23	4
FLB	1	0	4	51	3
FLC	0	0	2	60	0
FLD	0	1	4	59	5
FLE	1	1	4	41	0
FLF	2	0	0	50	3
FLG	0	0	2	67	5
FLH	1	1	3	43	2
FLK	1	0	0	51	8
FLL	0	0	2	65	3
FLM	0	0	5	68	1
FLP	0	0	10	69	1
FLR	1	0	2	74	3
FLS	3	4	1	145	4
FLU	0	0	3	7	0
FLW	0	1	3	7	0
FLX	2	1	4	43	9
FLY	0	0	3	55	6
FM0	0	0	9	91	2
FM1	1	0	6	53	14
FM2	2	0	9	157	12
FM3	0	0	3	29	1
FM4	1	0	2	181	10
FM5	0	0	13	140	6
FM7	2	1	1	120	26
FM8	0	0	0	45	4
FM9	0	0	0	3	1
FMA	0	0	2	69	5
FMB	0	1	2	32	10
FMC	0	0	1	36	5
FMD	0	2	3	60	2
FME	0	0	2	95	5
FMF	0	0	2	33	2
FMG	0	0	13	107	23
FMH	0	0	1	75	4
FMJ	0	0	15	44	5
FMK	0	0	1	81	6
FML	0	1	5	74	4
FMM	1	1	3	71	19
FMN	2	0	4	91	1
FMP	1	1	7	127	2
FMR	0	0	3	71	11
FMS	1	1	4	84	7
FNR	0	2	36	119	0
FNS	0	0	5	455	4
FNT	0	8	18	2780	21
FNU	0	8	12	2240	10
FNW	0	0	12	1619	34
FNX	7	11	36	1689	4
FNY	0	0	17	730	3
FP0	0	5	13	2073	26
FP1	1	11	44	1601	13
FP2	0	14	33	134	0
FP3	1	6	34	1541	1
FP4	0	7	62	297	3
FP5	0	0	12	441	3
FP6	1	4	19	596	5
FP7	1	1	10	2361	17
FP8	0	6	23	273	9
FP9	2	4	58	721	0
FPB	0	9	40	1806	19
FPC	0	5	55	353	0
FPE	0	0	2	467	2
FPF	0	6	15	1993	41
FPG	1	3	37	118	15
FPH	1	10	25	2229	12
FPJ	4	3	34	684	5
FPK	0	8	24	1815	25
FPL	0	0	8	423	25
FPM	0	0	20	1638	31
FPN	0	7	50	1306	2
FPP	0	0	5	462	4
FPR	0	8	47	387	1
FPT	0	1	3	361	3
FPU	0	2	16	1370	4
FPV	0	0	32	751	8
FPW	0	3	57	374	1
FPX	4	9	16	1882	13
FPY	0	10	51	143	0
FR0	0	14	33	2923	9
FR2	1	1	44	159	0
FR3	3	4	22	1371	12
FR4	0	3	45	442	4
FR5	1	1	16	1832	5
FR6	0	6	13	1569	26
FR7	0	2	11	292	1
FR9	5	6	25	808	6
FRA	1	11	45	262	4
FRB	0	5	29	727	2
FRC	0	8	4	2414	9
FRD	0	0	0	479	7
FRE	0	6	13	1353	10
FRF	0	8	33	2373	27
FRG	0	10	14	362	1
FRH	0	6	24	1999	23
FRJ	0	6	22	1367	24
FRK	0	2	19	1581	17
FRL	0	5	50	294	4
FRN	0	11	26	170	3
FRS	1	4	30	1984	16
FRT	0	12	35	970	1
FRU	0	0	3	727	7
FRX	0	0	6	473	8
FRY	0	0	6	685	2
FS0	1	3	23	1686	14
FS1	0	6	27	1663	8
FS2	0	1	8	674	8
FS3	0	0	14	606	2
FS5	0	0	6	484	8
FS6	0	9	32	409	1
FS7	1	7	38	496	4
FS8	0	4	8	2454	16
FSA	0	0	16	522	0
FSB	0	1	3	746	15
FSC	0	5	17	1436	9
FSE	0	8	23	2459	10
FSF	1	2	20	2530	24
FSJ	0	0	13	949	2
FSK	0	0	6	614	3
FSL	0	0	4	428	6
FSN	2	1	45	200	6
FSP	0	10	14	1634	10
FSR	4	6	28	1804	7
FSS	0	9	10	523	0
FST	1	6	36	551	3
FSU	0	1	41	1185	0
FSV	0	3	25	467	3
FSW	1	9	21	341	3
FSY	0	5	47	664	2
FT0	0	6	33	596	6
FT1	2	12	31	742	3
FT2	1	3	34	791	3
FT3	1	5	42	673	2
FT4	0	7	42	686	2
FT5	0	5	37	508	2
FT6	0	5	17	224	5
FT7	0	2	18	232	1
FT8	2	7	117	361	8
FT9	0	12	52	848	6
FTA	0	0	17	125	1
FTB	4	2	24	578	0
FTC	1	3	13	490	0
FTD	2	0	3	143	1
FTE	9	1	21	674	0
FTT	0	11	54	1016	1
FTU	0	4	60	301	0
FTV	1	17	22	140	7
FTW	0	21	11	854	2
FTX	0	5	36	853	1
FTY	5	4	23	245	4
FU0	0	1	22	177	0
FU1	1	3	29	1444	5
FU2	0	5	14	1204	8
FU3	2	11	57	524	29
FU4	0	3	27	256	10
FU5	0	2	3	260	6
FU6	0	2	7	286	15
FU7	0	1	8	516	2
FU8	0	18	34	1736	6
FU9	0	0	0	9	0
FUA	0	9	31	94	5
FUB	0	0	36	754	5
FUE	0	0	4	32	2
FUF	5	1	6	57	1
FUG	0	1	12	61	3
FUH	1	0	4	136	12
FUJ	1	0	8	241	17
FUK	4	0	6	246	14
FUL	3	1	9	200	14
FUM	0	0	1	41	0
FUN	0	0	1	23	0
FUP	0	1	7	52	0
FUR	0	0	5	38	0
FUS	0	0	0	29	0
FUT	0	1	4	84	0
FUU	1	0	4	64	3
FX5	1	0	7	101	1
FX6	4	1	2	34	1
FX7	0	0	0	7	0
FX8	0	0	0	3	0
FX9	0	0	0	1	0
FXB	0	0	0	4	0
FXC	0	0	0	6	0
FXD	0	0	1	17	1
FXE	0	0	0	0	0
FXF	0	0	0	4	0
FXG	0	0	0	5	0
FXH	0	0	1	16	2
FXJ	0	0	0	18	1
FXK	0	0	0	0	1
FXL	0	0	0	0	0
FXM	0	0	0	8	4
FXN	0	0	1	24	0
FXP	0	0	1	68	0
FXR	1	1	3	159	1
FXT	2	0	20	201	6
FXU	0	1	2	165	2
FXV	0	0	2	233	2
FXW	0	0	1	162	6
FXX	1	2	3	402	4
FXY	0	0	0	229	3
FY0	0	0	0	174	6
FY1	0	0	3	484	3
FY2	1	0	1	178	3
FY3	1	0	0	122	0
FY4	1	0	3	273	3
FY5	0	1	7	598	7
FY6	1	0	0	116	5
FY7	1	0	3	241	5
FY8	4	1	0	311	13
FY9	0	1	0	50	5
FYA	1	0	4	101	9
FYB	2	3	3	138	1
FYD	0	0	3	193	0
FYE	0	0	2	312	4
FYF	0	1	3	134	1
FYG	0	0	1	243	17
FYH	1	0	9	548	7
FYJ	1	0	1	448	3
FYK	1	0	1	89	0
FYL	1	1	1	43	0
FYM	3	0	1	147	2
FYP	1	0	3	136	0
FYS	5	4	41	88	0
FYT	0	6	57	1064	3
FYV	0	6	23	980	36
FYW	0	11	21	244	1
FYX	1	1	32	823	13
FYY	0	3	38	1889	5
G00	17	5	139	636	2
G01	0	1	13	2668	18
G02	0	8	15	1216	26
G03	0	3	24	1760	14
G04	0	11	21	2385	19
G05	1	9	33	1310	2
G06	1	10	12	2069	3
G07	0	3	47	1636	16
G08	1	3	80	526	6
G09	0	9	53	1644	3
G0A	1	2	12	2005	9
G0C	4	5	10	104	2
G0D	2	5	19	1436	4
G0E	1	7	5	2292	24
G0F	1	6	29	437	13
G0G	0	16	21	1065	3
G0H	0	4	62	1323	0
G0K	0	3	15	25	1
G0L	0	2	26	2336	21
G0M	0	18	27	1492	21
G0N	0	12	19	1866	29
G0P	0	4	13	2684	17
G0R	0	23	20	164	11
G0S	0	6	13	1148	6
G0T	2	9	48	677	8
G0U	0	9	39	328	4
G0W	1	12	31	719	7
G0X	0	7	25	2360	13
G0Y	0	5	21	2152	18
G10	0	7	32	1390	10
G11	0	0	5	151	17
G12	0	6	12	1934	21
G13	0	9	31	2309	5
G14	2	10	25	492	7
G15	2	4	12	2514	14
G16	0	7	16	1966	6
G17	0	2	24	2243	7
G19	0	7	16	393	1
G1A	0	9	45	1069	20
G1C	3	9	43	748	6
G1D	0	3	12	2229	5
G1E	0	7	68	185	0
G1F	3	6	38	793	12
G1G	1	8	38	403	2
G1H	4	7	37	806	2
G1J	1	8	35	566	1
G1L	1	11	50	1800	5
G1M	2	2	27	2278	16
G1N	0	13	24	223	1
G1R	0	6	27	767	1
G1S	0	4	22	1837	28
G1V	0	1	1	260	13
G1W	0	5	17	2323	6
G1X	0	3	21	990	16
G1Y	0	4	42	1087	2
G20	1	3	71	560	0
G21	0	7	32	341	4
G22	0	1	8	142	3
G23	0	3	8	204	4
G24	0	1	16	176	2
G25	1	0	17	234	6
G26	0	0	4	6	1
G27	1	6	30	467	2
G28	0	2	31	492	3
G29	0	4	28	310	2
G2A	0	0	2	43	0
G2B	0	6	42	47	2
G2C	2	2	49	474	5
G2D	2	2	37	166	2
G2E	1	10	81	1149	7
G2F	2	4	91	320	5
G2G	1	2	11	129	0
G2J	0	6	32	465	27
G2K	1	1	25	110	1
G2L	0	3	22	290	0
G2M	0	0	4	189	0
G2N	1	1	9	65	14
G2P	0	0	12	17	6
G2R	0	1	2	6	2
G2S	2	3	39	269	1
G2T	1	4	38	288	6
G2V	0	12	91	984	22
G2W	1	3	45	630	6
G2Y	0	2	16	756	4
G30	2	6	36	452	2
G31	0	5	24	277	4
G32	0	7	22	221	5
G33	0	3	73	740	14
G34	2	2	17	350	2
G35	1	4	42	614	15
G36	0	4	27	610	22
G37	0	5	64	827	4
G38	0	2	17	201	1
G39	3	5	32	1193	0
G3A	0	8	19	616	13
G3B	0	2	42	1710	5
G3D	0	23	25	101	26
G3E	0	7	19	1679	16
G3F	0	3	27	127	17
G3G	0	4	28	1889	12
G3H	0	8	34	455	19
G3J	0	2	1	201	0
G3K	0	4	11	79	0
G3L	4	2	20	477	2
G3N	4	3	14	23	0
G3P	0	3	38	1503	38
G3R	0	5	42	1934	4
G3S	0	3	40	2036	5
G3T	0	2	7	62	0
G3U	2	1	9	208	5
G3V	1	1	0	17	0
G3W	1	1	7	23	1
G3X	0	0	3	216	5
G3Y	1	4	4	51	2
G42	0	0	0	6	0
G43	0	0	5	5	0
G44	0	0	0	8	0
G45	0	0	2	35	0
G46	0	0	0	6	0
G47	0	0	1	10	0
G48	0	0	0	4	0
G49	0	0	0	18	1
G4A	0	0	0	22	0
G4B	0	0	0	9	1
G4C	0	2	0	5	0
G4D	0	0	0	9	0
G4E	0	0	0	3	0
G4F	0	1	6	45	1
G4G	1	1	6	50	0
G4H	9	2	10	215	1
G4J	0	0	1	26	0
G4K	1	0	0	184	17
G4N	0	0	7	303	2
G4P	0	0	4	76	6
G4R	0	0	0	275	3
G4S	0	0	4	157	2
G4T	1	0	3	231	0
G4U	1	1	6	95	6
G4V	0	1	3	81	4
G4W	1	0	1	79	2
G4X	8	0	1	313	9
G4Y	0	0	0	0	0
G50	0	0	0	1	0
G51	0	0	0	4	0
G52	0	0	0	2	0
G53	0	0	0	0	0
G54	0	0	0	3	0
G55	0	0	1	14	0
G56	0	0	0	7	0
G57	0	0	0	3	1
G58	0	0	0	7	2
G59	0	0	2	194	8
G5A	0	0	0	6	0
G5B	0	0	3	56	1
G5C	0	0	0	3	1
G5D	0	0	0	11	0
G5E	0	0	1	31	0
G5F	0	0	0	16	1
G5G	0	2	9	82	1
G5H	0	1	5	81	4
G5J	0	0	2	266	16
G5K	0	1	3	183	9
G5L	0	0	1	3	1
G5M	0	0	0	25	1
G5N	1	0	1	11	1
G5P	0	0	0	7	0
G5R	0	0	0	28	2
G5S	0	0	0	11	0
G5T	0	0	1	14	1
G5U	0	0	0	12	0
G5V	0	0	2	41	1
G5W	0	0	0	10	0
G5X	0	0	0	13	1
G5Y	0	0	1	0	0
G60	0	0	0	0	0
G61	0	0	0	37	3
G62	0	1	4	666	6
G63	1	0	3	324	3
G64	0	0	1	269	1
GSX	0	2	48	1471	0
GSY	0	2	43	1287	5
GT0	0	2	37	1180	0
GT1	0	3	36	1103	0
GT2	0	3	45	1101	0
GT3	0	2	44	1113	0
GT4	0	3	42	1193	0
GT5	0	3	33	1140	0
GT6	0	4	46	1218	0
GT7	0	2	36	965	0
GT8	0	6	37	1020	0
GT9	0	5	28	914	2
GTA	0	4	47	1300	0
GTB	0	2	38	1004	0
GTC	0	3	36	1051	0
GTD	0	7	50	1354	0
GTE	0	2	43	1188	0
GTF	0	1	43	1174	1
GTG	0	2	38	1029	0
GTH	0	8	47	1492	0
GU5	1	9	40	443	0
GU6	0	6	22	522	4
GU7	0	3	36	1165	0
GU8	0	4	41	395	13
GU9	0	17	52	1548	0
GUA	0	0	82	58	0
GUB	1	3	22	18	0
GUC	0	4	19	244	3
GUD	0	5	22	2318	18
GUE	4	14	34	2172	17
GUF	0	10	20	2322	29
GUG	0	8	19	2261	25
GUH	0	4	95	720	0
GUJ	0	9	48	718	0
GUK	0	1	16	2790	28
GUL	0	0	2	407	16
GUM	0	4	16	2905	36
GUR	4	9	21	533	9
GUS	0	0	10	672	9
GUU	0	8	25	2734	10
GUV	0	14	26	478	0
GUW	0	6	32	1156	0
GUX	0	2	16	1237	16
GUY	1	10	77	128	10
GV0	0	4	53	234	0
GV1	1	8	36	18	0
GV2	0	1	27	2848	23
GV3	0	0	4	569	2
GV5	0	7	40	459	11
GV6	1	5	12	1753	14
GV7	0	1	1	861	14
GV8	0	9	37	2311	18
GV9	0	0	7	400	3
GVA	0	1	31	537	3
GVD	2	4	24	249	0
GVF	0	6	43	231	0
GVG	0	6	29	191	0
GVH	0	14	20	446	2
GVJ	0	8	50	133	4
GVK	1	13	15	938	0
GVL	0	4	21	2614	14
GVM	0	0	4	456	2
GVN	0	2	32	288	8
GVP	0	2	17	1950	21
GVR	0	15	10	550	1
GVS	0	7	33	51	0
GVT	0	6	17	1896	23
GVU	1	10	39	265	1
GVW	0	7	43	496	0
GVX	1	5	27	221	0
GVY	0	9	47	1322	1
GW0	0	2	42	2343	14
GW1	2	19	25	554	1
GW2	0	10	30	2479	15
GW3	0	5	9	2112	9
GW4	0	18	22	647	3
GW5	0	0	0	560	7
GW6	6	0	48	297	4
GW8	0	7	26	1965	26
GW9	1	10	16	1310	10
GWA	0	0	3	380	2
GWB	1	3	9	1876	9
GWC	0	0	4	521	11
GWF	0	0	10	2126	8
GWG	0	4	22	2283	4
GWH	0	2	12	1022	16
GWJ	1	2	28	421	4
GWK	0	3	21	212	2
GWL	0	7	15	338	4
GWM	0	5	23	440	5
GWN	0	15	15	259	2
GX0	0	1	0	12	0
GX1	0	1	5	328	5
GX2	0	2	17	227	1
GX3	0	2	21	113	0
GX4	0	2	0	17	0
GX5	1	0	7	45	0
GX6	0	1	10	119	0
GX7	0	2	17	233	0
GX8	0	1	9	146	0
GX9	1	1	18	497	3
GXA	0	3	34	577	0
GXB	0	1	11	42	5
GXE	0	1	8	116	1
GXF	0	0	19	103	2
GXG	6	8	86	1000	8
GXH	0	0	3	171	0
GXJ	4	11	79	743	17
GXK	0	2	25	566	4
GXL	0	3	8	136	2
GXM	0	0	3	88	2
GY4	3	1	7	195	6
GY5	0	0	2	3	0
GY6	0	0	0	12	0
GY7	1	0	0	12	0
GY8	0	0	1	18	1
GY9	0	0	0	20	2
GYA	0	0	0	6	0
GYB	0	0	0	6	0
GYC	0	0	0	10	1
GYD	1	1	1	10	1
GYE	0	0	0	4	0
GYF	1	0	0	9	0
GYG	0	0	1	4	0
GYH	0	0	0	12	0
GYJ	0	0	0	5	0
GYK	1	0	1	54	3
GYL	1	0	0	11	0
GYM	0	0	1	101	5
GYN	0	0	5	127	1
GYP	0	0	3	73	4
GYR	2	1	0	83	10
GYS	0	0	4	167	3
GYT	0	0	0	172	3
GYU	0	0	4	383	4
GYV	1	1	4	346	2
GYW	0	0	7	459	1
GYX	1	1	8	95	10
GYY	0	0	3	64	2
H00	0	0	4	17	2
H01	1	0	0	70	3
H02	0	0	0	13	0
H03	0	0	0	34	1
H04	0	0	0	17	0
H05	0	0	1	88	3
H06	2	6	30	250	2
H07	1	2	39	434	5
H09	0	2	30	983	3
H0A	0	4	29	1710	1
H0B	1	11	20	1236	2
H0C	1	2	30	1454	0
H0D	0	6	27	1464	10
H0E	1	13	52	140	8
H0F	0	3	18	1801	38
H0H	1	0	6	221	0
H0J	2	5	16	97	12
H0K	0	7	42	1150	1
H0M	0	0	21	1745	48
H0N	0	5	50	794	0
H0P	0	7	37	246	0
H0R	0	5	22	1661	16
H0S	1	1	6	185	1
H0U	0	2	39	143	4
H0Y	1	4	23	180	7
H10	0	6	29	398	6
H13	0	0	4	23	0
H45	0	2	28	467	6
H46	0	4	23	568	3
H47	0	2	9	103	12
H48	4	1	6	172	2
H49	0	1	2	192	3
H4A	5	5	8	106	2
H4B	1	0	0	530	2
H4C	1	0	7	754	4
H4D	0	0	0	12	0
H4E	0	0	0	22	0
H4F	1	0	0	20	1
H4G	0	0	0	3	2
H4H	0	0	0	11	0
H4J	0	0	0	8	0
H4K	0	0	1	17	0
H4L	0	0	0	2	0
H4M	0	0	0	11	1
H4N	0	0	0	2	1
H4P	0	0	0	10	0
H4R	0	0	0	3	0
H4S	0	0	0	12	0
H4T	0	0	0	4	0
H4U	0	0	0	2	0
H4V	0	0	0	10	1
H4W	0	0	1	15	2
H4X	0	0	0	0	0
H4Y	0	0	0	15	0
H50	0	0	0	20	0
H51	0	0	0	7	0
H52	0	0	0	0	0
H53	0	0	0	9	0
H54	0	0	0	8	0
H55	0	0	0	0	0
H56	0	0	0	11	2
H57	0	0	0	11	0
H58	0	0	0	0	0
H59	0	0	0	5	0
H5A	0	0	0	19	1
H5B	0	0	0	0	0
H5C	0	0	0	6	0
H5D	2	0	5	92	4
H5E	5	3	3	120	1
H5G	1	0	6	572	42
H5H	0	0	4	439	30
H5J	0	0	3	56	0
H5K	0	0	0	17	1
H5L	0	0	0	18	0
H5M	0	0	0	9	0
H5N	0	0	1	46	2
H5P	0	0	0	11	1
H5R	0	0	0	1	0
H5S	0	0	0	12	0
H5T	0	0	0	10	0
H5U	0	0	0	14	0
H5V	0	0	0	29	0
H5W	0	0	0	6	1
H5X	0	0	0	1	3
H5Y	0	0	2	21	0
H60	0	0	0	5	0
H61	0	0	4	168	10
H78	0	8	26	610	13
H79	1	1	46	141	0
H7A	0	6	10	2166	6
H7B	2	5	29	423	6
H7C	0	0	10	241	0
H7E	1	3	39	1960	11
H7F	0	5	16	1681	13
H7H	0	3	25	2017	13
H7K	0	4	61	431	1
H7P	0	9	25	999	10
H7R	0	0	24	42	2
H7S	0	19	63	659	0
H7T	2	5	36	487	2
H7U	0	13	11	664	1
H7V	0	0	10	1310	27
H7W	2	12	24	3186	36
H7X	0	7	15	272	5
H7Y	0	6	71	704	2
H81	0	9	5	600	3
H82	0	11	24	2034	14
H83	7	4	34	499	5
H84	0	1	29	2025	23
H85	0	4	15	2546	19
H86	0	4	29	1988	17
H88	2	5	27	436	18
H89	0	5	76	1525	3
H8A	0	16	20	2596	30
H8B	0	3	18	1896	19
H8C	0	6	102	1149	0
H8D	0	2	39	641	0
H8E	0	7	13	329	9
H8F	2	2	22	2876	21
H8G	0	1	10	652	8
H8H	2	12	37	2503	30
H8J	0	12	26	2089	14
H8K	0	2	28	155	2
H8L	0	10	37	1476	7
H8M	0	1	11	818	22
H8P	0	0	3	443	7
H8R	0	2	5	770	31
H8S	1	9	19	2685	23
H8T	0	7	16	2108	27
H8U	0	7	54	584	4
H8V	0	9	35	293	3
H8W	0	1	10	317	1
H8X	0	9	36	1821	7
H8Y	0	5	26	1860	20
H90	0	5	38	2305	11
H91	0	19	41	481	2
H92	0	5	22	2003	10
H93	0	0	0	1	4
H94	0	7	19	3273	24
H97	0	10	31	2679	39
H98	0	1	25	2260	19
H99	0	1	23	158	1
H9A	7	1	7	183	6
H9C	0	3	30	2709	29
H9D	0	6	25	2000	18
H9E	0	0	1	156	7
H9F	0	3	28	327	1
H9G	0	5	24	1444	17
H9H	5	7	34	2205	19
H9J	0	7	15	67	15
H9L	3	6	19	2151	13
H9M	0	4	9	194	3
H9N	1	6	49	2305	6
H9R	0	5	38	40	0
H9S	0	10	74	180	0
H9T	0	0	1	150	4
H9U	0	2	10	1631	6
H9V	6	12	16	2343	23
H9X	0	12	50	1227	0
H9Y	2	2	44	1515	22
HA0	0	8	19	1950	20
HA1	2	8	22	1977	9
HA2	0	3	17	2345	26
HA3	1	5	42	2587	13
HA4	0	6	18	1858	13
HA5	0	23	32	2056	32
HA6	1	9	23	2402	75
HA7	2	9	23	2926	20
HA9	8	20	37	2241	27
HAB	0	1	15	163	1
HAC	23	28	292	835	17
HAD	1	3	16	174	3
HAE	1	10	105	1636	14
HAF	0	1	14	628	1
HAJ	0	5	35	268	16
HAK	0	2	5	181	0
HAL	0	0	1	11	0
HAM	0	0	1	9	0
HAN	0	0	0	10	3
HAP	1	1	8	177	0
HAR	0	0	14	186	1
HAS	0	0	3	77	0
HAT	1	1	5	64	0
HAU	2	0	14	181	1
HAV	1	0	4	47	0
HAW	0	0	2	65	0
HAX	0	0	2	44	0
HAY	0	0	11	8	1
HB0	0	0	4	47	3
HB1	0	2	2	79	0
HB2	3	1	34	559	1
HB3	0	3	4	204	0
HB4	0	4	17	255	1
HB5	0	0	17	54	0
HB6	1	5	1	60	2
HB7	0	0	2	13	0
HB8	0	1	6	27	0
HB9	1	0	3	2	0
HBA	0	0	0	2	0
HBB	0	0	3	96	0
HBC	0	1	11	287	6
HBD	0	0	13	138	1
HBE	1	0	15	162	0
HBG	0	2	14	58	0
HBH	1	2	26	335	0
HBJ	2	2	25	317	1
HBK	0	4	28	406	6
HBM	0	4	22	327	2
HBN	3	4	14	354	3
HBP	2	2	16	112	7
HBR	0	3	15	201	0
HBS	0	0	2	23	0
HBT	0	0	1	6	0
HBU	0	1	8	14	0
HBV	0	0	3	4	0
HBW	0	0	2	4	0
HBX	0	0	0	12	0
HBY	0	0	0	1	0
HC0	1	0	4	23	0
HC1	0	9	22	271	3
HC2	1	2	22	295	1
HC3	2	1	19	134	1
HC4	2	2	18	198	6
HC5	3	1	12	298	0
HC6	0	0	4	77	1
HC7	0	0	4	86	0
HC8	0	0	4	106	1
HC9	0	0	0	61	0
HCA	0	1	4	143	1
HCB	0	0	3	56	6
HCC	0	1	7	66	1
HCD	2	0	5	52	3
HCE	0	0	4	131	3
HCG	0	0	14	79	0
HCH	0	4	14	110	2
HCJ	0	1	10	115	0
HCK	0	0	3	104	0
HCL	1	2	10	55	0
HCM	0	2	3	89	0
HCN	0	1	6	62	0
HCP	0	0	10	68	0
HCR	0	0	9	64	0
HCS	0	2	3	33	1
HCT	1	0	15	80	0
HCU	0	1	8	124	0
HCV	1	0	7	118	0
HCW	0	0	7	111	2
HCX	0	0	9	109	2
HCY	1	3	4	121	0
HD0	0	0	2	152	0
HD1	0	0	3	170	0
HD2	1	3	18	332	7
HD3	0	6	2	35	2
HD4	0	6	10	204	1
HD5	0	0	0	29	0
HD6	0	3	13	500	5
HD7	0	1	7	1465	5
HD8	1	2	6	57	2
HD9	0	0	1	43	0
HDA	0	2	17	223	1
HDB	0	0	26	651	0
HDC	0	5	2	1387	17
HDD	6	1	2	93	2
HDH	0	0	2	185	9
HDJ	0	1	4	219	2
HDK	0	1	1	149	0
HDL	1	0	1	296	5
HDM	0	1	6	307	1
HDN	1	1	6	65	0
HDP	2	1	6	47	2
HDS	0	0	0	1	0
HDT	0	1	12	156	7
HDU	2	1	12	102	6
HDV	0	1	1	74	12
HDW	0	0	1	50	14
HDX	2	0	2	69	10
HDY	1	1	6	83	1
HE0	0	0	1	48	1
HE1	1	1	5	86	9
HE2	3	0	5	167	6
HE3	1	0	3	253	9
HE4	0	0	1	36	1
HE5	0	0	5	79	2
HE6	2	0	13	68	1
HE7	0	0	4	65	2
HE8	0	0	1	258	1
HE9	0	0	2	322	1
HEA	0	0	4	128	1
HEC	0	0	0	125	5
HED	0	0	1	81	0
HEE	0	0	4	110	1
HEF	0	0	2	42	1
HEG	0	1	0	82	2
HEH	0	0	0	75	2
HEJ	0	0	0	3	2
HEK	0	0	0	12	1
HEL	0	1	1	283	6
HEM	0	0	16	352	7
HEN	2	1	10	281	2
HEP	5	2	11	95	2
HER	0	0	6	338	1
HES	0	0	1	265	3
HET	0	1	1	296	4
HEU	0	0	3	387	3
HEV	0	1	3	310	9
HEW	0	0	5	76	3
HEX	0	0	3	7	0
HEY	0	0	3	31	0
HF0	0	0	1	52	2
HF1	0	0	2	59	0
HF2	0	1	3	163	0
HF3	0	0	2	498	5
HGD	9	8	11	2942	24
HGE	0	18	61	2734	27
HGF	0	2	29	2122	12
HGG	0	5	34	1346	24
HGH	1	1	11	75	3
HGJ	0	7	17	1500	30
HGK	2	7	19	2975	14
HGL	3	3	14	495	5
HGM	2	9	34	2121	47
HGN	0	4	40	526	33
HGP	2	6	39	293	21
HGR	16	8	75	348	0
HGS	0	5	33	2038	22
HGT	5	4	39	3415	60
HGU	0	3	13	520	9
HGV	0	29	42	3742	49
HGW	2	8	58	116	10
HGX	0	2	24	365	0
HGY	8	9	32	2447	20
HH0	0	8	24	419	12
HH1	1	16	38	4664	58
HH2	2	6	41	197	4
HH3	7	43	340	4467	78
HH4	0	5	29	456	4
HH5	0	5	39	2213	15
HH6	0	6	59	94	0
HH7	0	11	8	719	2
HH8	1	7	33	2712	10
HH9	0	2	12	2556	11
HHA	0	15	30	2792	22
HHB	1	15	26	2791	25
HHC	0	5	22	1435	22
HHD	0	0	2	39	0
HHE	0	1	2	94	0
HHF	0	0	2	138	1
HHG	0	1	3	120	0
HHH	0	1	6	98	0
HHJ	0	1	4	57	1
HHK	0	0	1	74	0
HHL	0	0	2	54	0
HHM	0	2	0	154	0
HHN	0	0	5	148	2
HHP	1	0	9	82	1
HHR	0	1	1	110	0
HHS	0	0	1	178	0
HHT	0	1	5	130	3
HHU	0	0	2	107	0
HHV	0	87	546	3658	258
HHW	1	54	286	3405	132
HHX	3	97	354	4654	116
HHY	3	7	25	572	2
HJ0	6	25	75	2172	9
HJ1	5	21	74	1984	25
HJ2	0	8	21	437	12
HJ3	6	23	203	4004	14
HJ4	16	27	285	4580	11
HJ5	6	22	73	188	17
HJ6	1	2	3	85	0
HJ7	0	10	21	369	1
HJ8	0	6	7	37	0
HJ9	1	5	30	420	5
HJA	1	4	31	251	3
HJB	0	1	5	65	1
HJC	0	1	4	1387	25
HJD	0	10	12	2003	6
HJE	1	5	19	475	4
HJG	0	4	45	822	4
HJH	1	5	16	2331	26
HJJ	0	0	0	0	1
HJK	0	0	0	1	0
HJL	0	0	0	10	0
HJM	0	1	32	251	1
HJN	0	0	3	1	0
HJP	0	0	1	1	0
HJR	0	0	0	1	0
HJS	0	0	1	1	0
HJT	0	0	0	6	0
HJU	0	0	0	1	0
HJV	0	0	0	1	0
HJW	0	0	8	4	0
HJY	0	0	0	0	1
HK0	0	0	0	1	0
HK1	0	0	0	5	0
HK2	0	0	4	17	0
HK3	0	0	0	4	0
HK4	0	0	1	14	0
HK5	0	0	0	0	0
HK7	0	0	2	1	0
HK8	0	0	1	4	0
HK9	0	0	0	1	0
HKA	0	0	3	0	0
HKC	0	0	1	0	0
HKD	0	1	3	1	0
HKE	0	0	0	0	0
HKF	0	0	3	0	1
HKG	0	0	0	0	0
HKH	0	1	0	1	0
HKJ	0	0	0	0	0
HKK	0	0	0	0	0
HKL	0	0	0	2	0
HKM	0	0	0	0	0
HKN	0	0	0	1	0
HKP	0	16	36	1910	0
HKR	0	8	41	1900	0
HKS	0	13	39	1979	1
HKT	0	9	59	2488	0
HKU	1	15	50	2276	0
HKV	0	16	54	2510	0
HKW	0	5	32	1123	0
HKX	0	13	50	2020	0
HKY	0	6	50	2109	0
HL0	0	19	49	2260	0
HL1	0	14	62	2082	0
HL2	0	5	21	1152	0
HL3	0	11	42	1618	0
HL4	0	9	46	2884	0
HL5	0	7	37	1611	0
HL6	0	4	26	1632	0
HL7	0	9	80	3091	0
HL8	0	7	22	1632	0
HL9	0	6	38	1859	1
HLA	0	8	37	1704	0
HLB	0	15	70	3069	0
HLC	0	10	35	1704	0
HLD	0	10	84	3509	0
HLE	0	10	39	1747	0
HLF	0	10	36	1737	0
HLG	2	8	30	1769	0
HLH	0	7	34	1860	0
HLJ	0	8	43	1765	0
HLK	0	4	31	1790	0
HLL	0	6	33	1665	0
HLM	0	10	30	1658	0
HLN	1	8	39	1559	0
HLP	0	12	43	1670	0
HLR	0	8	42	1706	0
HLS	0	8	30	1478	0
HLT	0	4	23	1210	0
HLU	2	1	12	82	6
HLW	2	1	12	71	3
HLX	0	0	2	15	0
HLY	1	2	8	90	1
HM2	0	1	8	84	0
HM4	1	0	16	119	6
HM5	0	0	7	91	0
HM6	0	1	0	52	2
HM7	0	1	4	42	0
HMA	0	1	11	156	6
HMD	0	0	4	307	31
HMG	2	0	4	74	1
HMH	0	1	5	32	1
HMJ	0	0	5	24	1
HMK	0	0	0	1	0
HML	0	0	3	388	4
HMM	0	0	0	287	4
HMN	0	2	19	352	2
HMP	2	0	6	64	6
HNJ	0	3	10	2082	9
HNK	0	16	29	1954	7
HNL	0	0	28	70	7
HNM	6	2	28	367	10
HNP	0	0	1	173	6
HNR	0	0	3	207	7
HNS	0	0	2	217	4
HNT	0	1	4	161	8
HNU	0	0	6	210	11
HNV	0	6	57	228	0
HNW	1	8	47	1057	5
HNX	0	0	5	270	1
HP0	0	6	45	2324	13
HP1	0	0	2	198	8
HP2	0	14	47	1333	6
HP3	1	10	15	313	1
HP4	1	3	40	539	3
HP5	0	0	4	170	0
HP6	4	8	34	670	2
HP7	1	0	8	125	0
HP8	2	1	13	299	0
HP9	0	0	1	1	0
HPA	1	0	14	230	0
HPB	0	1	9	229	1
HPC	1	1	15	235	0
HPD	3	3	14	59	4
HPE	1	0	1	30	0
HPF	0	1	6	90	0
HPG	1	4	33	619	9
HPH	1	3	12	175	11
HPJ	0	0	12	69	0
HPK	0	1	7	275	1
HPL	1	2	8	77	0
HPM	26	5	41	808	1
HPN	3	4	62	516	0
HPP	0	4	31	641	3
HPR	0	0	6	347	1
HPS	0	1	5	356	0
HPT	0	5	29	1360	10
HPU	0	13	17	419	1
HPV	0	21	15	1370	2
HPW	0	9	26	1543	0
HPX	2	12	26	459	3
HPY	2	15	29	208	1
HR0	0	9	41	1337	1
HR1	0	4	98	758	0
HR3	0	3	40	154	2
HR4	0	5	19	1506	18
HR5	0	1	2	131	11
HR7	0	0	23	2369	7
HR8	1	2	11	2378	28
HR9	0	3	17	2525	35
HRA	0	4	28	3004	13
HRB	0	13	72	1065	3
HRC	0	2	25	1676	14
HRD	4	5	55	237	6
HRE	0	6	31	1258	1
HRF	0	9	32	1643	1
HRG	0	3	26	78	0
HRH	0	3	39	59	8
HRJ	0	7	41	1054	2
HRK	4	4	30	112	1
HRL	0	2	3	104	14
HRM	4	8	31	435	10
HRN	0	5	36	310	7
HRP	2	7	15	270	7
HRR	0	0	7	170	1
HRS	1	0	16	199	9
HRT	4	4	42	1047	5
HRU	1	1	10	127	0
HRV	1	0	9	105	2
HRW	0	0	1	9	0
HRX	1	1	6	91	0
HRY	1	0	16	234	0
HS0	0	2	15	230	1
HS1	1	0	25	254	1
HS2	0	1	16	276	2
HS3	1	2	4	324	0
HS4	0	0	6	11	0
HS7	0	2	5	46	4
HS8	1	1	3	79	0
HS9	0	1	0	5	1
HSA	0	3	15	644	1
HSB	0	1	13	21	0
HSC	1	4	26	721	5
HSD	0	4	48	116	5
HSE	0	3	24	52	2
HSF	0	1	52	652	6
HSG	0	4	31	435	1
HSH	0	0	17	24	2
HSJ	1	3	19	295	8
HSK	0	1	17	78	1
HSL	8	7	28	500	6
HSM	0	0	4	76	1
HSN	0	2	5	10	3
HSP	0	0	1	0	0
HSR	0	0	1	0	0
HSS	0	0	1	3	0
HST	0	0	4	10	0
HSU	0	0	0	5	1
HSW	0	0	0	3	0
HSX	0	0	0	1	0
HSY	0	0	10	3	0
HT0	0	0	1	0	0
HT1	0	0	2	0	0
HT2	0	0	2	0	0
HT3	0	0	1	1	0
HT4	0	1	0	2	0
HT5	0	0	1	1	0
HT6	0	0	2	8	0
HT7	0	0	0	2	0
HT8	0	0	0	0	0
HT9	0	0	0	3	0
HTA	0	0	0	2	0
HTC	0	1	11	195	1
HTD	0	5	31	43	0
HTE	0	3	49	57	1
HTF	0	4	27	362	1
HTG	0	3	29	1802	13
HTH	1	0	16	2212	15
HTJ	1	3	41	2214	9
HTK	0	14	27	1226	0
HTL	0	3	27	2008	25
HTM	0	7	20	2158	19
HTN	0	6	14	1769	25
HTP	2	12	43	378	3
HTR	0	4	24	2473	15
HTS	2	3	20	2359	26
HTT	0	3	33	1860	24
HTU	0	4	20	2264	33
HTV	1	12	52	284	7
HTW	0	1	20	1785	17
HTX	0	4	12	2409	19
HTY	0	3	11	3262	37
HU0	0	5	19	2286	18
HU1	1	3	19	338	1
HU2	5	5	91	4261	2
HU3	14	12	99	4562	0
HU4	6	7	77	3923	1
HU5	2	2	8	234	0
HU6	0	1	4	94	0
HU7	0	1	9	81	0
HU8	1	1	4	154	1
HU9	0	0	8	232	3
HUA	0	1	3	900	3
HUB	2	4	17	170	4
HUC	0	3	6	112	8
HUD	2	0	8	111	3
HUE	2	2	13	104	5
HUF	0	2	12	38	3
HUG	0	0	0	11	5
HUH	0	0	7	124	1
HUJ	0	3	4	167	6
HUK	1	2	7	117	5
HUL	3	1	11	188	8
HUM	2	1	22	183	9
HUN	4	0	10	288	10
HUP	1	1	10	127	2
HUR	0	0	0	5	0
HUS	0	0	0	11	0
HUT	3	1	2	143	1
HUU	2	0	1	52	4
HUV	0	2	9	195	20
HUW	1	0	12	77	3
HUX	1	1	1	91	3
HUY	0	0	2	230	4
HV0	1	1	8	217	25
HV1	0	0	4	110	8
HV2	1	0	1	94	5
HV3	0	0	2	68	3
HV4	1	0	1	6	0
HV5	0	0	0	80	0
HV6	0	0	1	167	3
HV7	0	0	0	20	0
HV8	0	0	0	21	0
HV9	0	1	5	52	0
HVA	0	0	0	17	0
HVB	0	0	9	46	1
HVC	1	0	0	87	9
HVD	2	0	3	96	1
HVE	0	0	2	47	5
HVF	2	5	13	147	0
HVG	3	1	11	101	2
HVH	0	6	15	140	2
HVJ	1	3	8	137	3
HVK	0	2	10	112	2
HW8	1	3	27	2013	20
HW9	2	4	12	209	13
HWA	1	8	22	2077	19
HWB	0	2	100	931	0
HWC	0	6	20	1551	12
HWD	2	2	66	1284	2
HWE	0	3	11	1109	17
HWF	31	18	165	556	0
HWG	0	2	65	950	1
HWH	2	6	34	155	2
HWK	0	6	36	1289	0
HWL	1	2	21	1928	17
HWM	0	12	35	1660	11
HWN	3	2	19	2239	18
HWP	0	2	11	2073	14
HWS	13	10	77	4057	3
HWT	1	2	25	1340	5
HWU	0	3	30	973	5
HWV	0	8	40	854	6
HWW	0	4	28	643	1
HWX	10	3	60	449	10
HWY	0	0	5	14	0
HX0	0	3	6	168	1
HX1	0	0	9	209	0
HX2	1	2	7	160	0
HX3	3	2	26	63	4
HX4	9	6	59	195	3
HX5	0	0	0	108	0
HX6	0	0	0	11	1
HX7	0	0	2	47	0
HX8	2	7	13	352	7
HX9	6	9	59	474	5
HXA	0	1	10	102	1
HXB	0	4	7	55	1
HXC	0	10	43	1272	1
HXD	2	8	18	397	3
HXE	0	38	6	1001	1
HXF	0	4	36	304	17
HXG	4	9	14	440	3
HXH	0	14	27	160	4
HXJ	0	0	5	40	0
HXK	0	1	5	71	0
HXL	1	2	3	59	0
HXM	0	0	1	85	0
HXN	1	1	9	42	1
HXP	0	0	1	61	0
HXR	0	2	6	106	0
HXS	0	8	39	192	0
HXT	1	9	30	643	14
HXU	0	13	36	1626	5
HXV	3	8	15	944	6
HXW	0	15	21	608	5
HXX	1	7	41	1094	2
HXY	0	5	24	325	1
HY0	0	10	44	1273	1
HY1	0	3	11	90	0
HY2	0	2	12	143	0
HY3	0	7	8	72	0
HY4	0	2	16	84	0
HY5	0	20	105	1368	0
HY6	4	9	20	433	2
HY7	2	14	40	1523	1
HY8	0	9	51	1621	1
HY9	0	5	27	1174	1
HYA	3	3	26	131	65
HYB	1	10	25	247	10
HYC	0	1	3	314	8
HYD	0	1	3	66	4
HYE	1	2	11	168	2
HYF	0	0	0	68	2
HYG	1	2	4	105	1
HYH	0	0	3	43	9
HYJ	1	3	3	186	5
HYK	0	2	0	138	4
HYL	1	0	5	23	5
HYM	0	0	3	13	2
HYN	0	0	4	18	4
HYP	2	1	5	31	4
HYR	0	0	0	11	1
HYS	0	0	2	35	5
HYT	1	0	3	25	0
HYU	2	1	3	81	18
HYV	2	2	11	66	5
HYW	2	0	1	17	3
HYX	5	4	8	125	7
HYY	0	0	5	90	1
J0P	0	12	61	1146	7
J0R	0	0	6	79	8
J0T	2	2	58	172	0
J0U	0	12	26	453	10
J0V	4	16	56	464	18
J0W	2	5	45	2322	2
J0X	0	2	7	161	14
J0Y	0	0	1	88	3
J10	1	2	16	2825	22
J11	0	7	7	19	0
J12	0	8	35	95	2
J13	0	1	13	814	21
J14	3	5	32	518	1
J15	0	3	27	172	17
J16	3	14	31	561	1
J17	0	3	24	655	16
J18	0	2	56	326	3
J19	2	2	34	1767	20
J1A	0	11	55	594	4
J1B	3	6	33	714	0
J1C	5	3	46	754	16
J1D	0	1	7	161	4
J1E	1	2	24	725	19
J1F	2	4	27	647	14
J1G	4	3	56	1038	30
J1H	1	2	59	962	27
J1J	0	3	23	372	5
J1K	1	2	15	448	11
J1L	0	0	8	99	4
J1M	0	0	34	476	5
J1N	1	0	2	30	0
J1P	1	5	4	254	0
J1R	0	0	1	87	0
J1S	0	0	0	101	0
J1T	1	0	6	8	0
J1U	0	1	9	36	0
J1V	0	0	8	31	0
J1W	0	0	1	10	0
J1X	0	1	8	232	0
J1Y	0	0	8	146	0
J20	0	0	6	37	0
J21	0	0	13	10	0
J22	0	0	1	19	0
J23	0	0	0	18	2
J24	0	1	12	45	0
J25	0	0	12	151	0
J26	0	1	1	24	0
J27	3	2	5	49	1
J28	0	0	3	58	0
J29	0	1	6	73	0
J2A	2	1	3	23	0
J2B	0	1	13	528	3
J2C	0	1	5	9	0
J2D	0	1	7	34	0
J2E	0	1	7	10	0
J2F	0	4	1	392	4
J2G	0	0	5	641	3
J2H	0	1	11	32	1
J2J	0	0	4	20	0
J2K	0	12	21	136	3
J2L	0	0	50	167	0
J2N	0	1	13	136	0
J2P	0	0	15	133	0
J2R	0	1	17	162	0
J2S	0	1	13	135	0
J2T	0	3	18	146	0
J2U	1	3	15	129	0
J2V	0	0	19	149	0
J2W	0	0	13	185	0
J2X	2	2	14	132	0
J2Y	0	1	22	218	0
J30	0	2	13	128	0
J31	0	2	12	150	0
J32	0	0	13	115	0
J33	0	4	16	145	0
J34	1	0	13	153	0
J35	0	0	16	169	0
J36	0	2	18	163	0
J37	0	1	20	227	0
J38	0	1	17	162	1
J39	0	0	16	115	0
J3A	0	1	12	132	0
J3B	0	0	13	144	0
J3C	0	1	17	171	0
J3D	0	0	13	184	0
J3E	0	2	8	164	0
J3F	0	1	17	178	0
J3G	1	1	12	129	0
J3H	1	2	26	154	0
J3J	0	0	13	203	0
J3K	0	0	17	110	0
J3L	0	1	13	140	0
J3M	0	1	3	73	2
J3N	0	0	1	112	2
J3P	1	5	10	127	4
J3R	3	2	4	101	5
J3S	4	1	4	79	0
J3T	2	1	4	93	2
J3U	0	0	8	66	6
J3V	0	1	3	140	6
J3W	2	1	5	56	1
J3X	0	0	13	23	1
J3Y	1	3	10	44	0
J40	1	1	1	64	1
J41	1	2	5	102	3
J42	0	4	1	51	1
J43	1	1	5	71	0
J44	2	1	10	75	2
J45	0	0	2	24	0
J52	0	11	33	381	10
J53	0	5	30	260	4
J54	0	2	16	2022	9
J55	0	1	12	315	0
J56	2	5	67	1286	2
J57	0	6	49	603	2
J59	1	0	0	1	0
J5A	0	0	0	12	0
J5B	0	1	0	1	0
J5C	0	0	0	0	0
J5D	0	0	0	2	0
J5E	0	0	3	0	0
J5F	0	1	0	1	0
J5G	0	1	0	1	0
J5H	0	0	1	3	0
J5J	0	0	0	0	0
J5K	0	1	1	0	0
J5L	0	0	0	3	0
J5M	0	0	0	2	0
J5N	0	0	0	4	0
J5P	0	0	0	2	0
J6N	0	10	21	130	7
J6P	0	12	18	98	0
J6R	0	8	24	124	0
J6S	0	10	21	91	0
J6T	0	14	22	170	0
J6U	0	4	2	126	0
J6V	0	2	6	145	0
J6W	0	1	4	91	0
J6X	0	1	6	132	2
J6Y	0	7	14	445	1
J70	0	2	1	23	0
J71	0	2	3	16	1
J72	0	2	4	31	0
J73	0	4	3	47	1
J74	0	0	1	12	0
J75	0	3	21	69	6
J76	0	4	3	128	3
J77	0	16	6	74	0
J78	0	9	27	559	2
J79	0	9	14	89	2
J7A	0	8	5	425	1
J7B	0	11	14	727	0
J7C	1	14	10	273	4
J7D	0	10	12	435	1
J7E	0	2	15	54	1
J7F	0	2	9	69	2
J7G	0	0	3	6	0
J7H	0	0	1	3	0
J7J	0	0	0	2	0
J7K	0	0	0	18	0
J7L	0	0	0	6	0
J7M	0	0	0	0	0
J7P	0	1	4	38	4
J7R	0	1	6	39	0
J7S	0	1	5	5	0
J7T	0	0	2	1	0
J7U	0	0	3	3	0
J7V	0	0	0	2	0
J7W	0	4	9	14	0
J7X	1	2	2	61	1
J7Y	0	0	2	10	0
J80	0	0	2	3	0
J81	0	0	0	0	0
J82	0	0	3	0	0
J83	0	0	0	1	0
J84	0	0	0	4	0
J85	0	0	0	4	0
J86	0	1	3	12	3
J87	0	0	0	7	0
J88	0	0	1	6	3
J89	0	0	7	102	0
J8B	3	1	5	230	5
J8D	2	1	4	292	11
J8F	0	0	2	68	0
J8G	0	1	4	240	3
J8J	0	1	1	76	2
J8K	0	1	1	30	0
J8M	0	0	0	7	0
J8Y	0	0	4	101	4
J90	1	0	5	94	1
J91	0	0	5	186	11
J92	1	0	0	149	8
J94	0	0	3	22	3
J95	0	0	1	22	1
J97	0	0	2	113	4
J98	0	0	0	2	0
J99	0	1	0	4	0
J9A	0	1	3	440	8
J9B	2	2	6	145	1
J9C	2	1	3	49	1
J9D	0	2	9	114	3
J9E	0	0	0	3	0
J9F	0	0	2	48	0
J9G	1	1	5	46	3
J9H	1	0	4	47	1
J9J	0	0	1	26	1
J9K	0	1	9	81	1
J9L	1	2	11	54	6
J9M	0	2	11	165	2
J9N	0	1	1	50	1
J9P	0	2	6	230	7
J9R	0	0	1	38	0
J9S	0	0	2	60	1
J9T	2	5	15	153	2
J9U	2	5	11	235	2
J9V	2	5	7	137	0
J9X	0	0	6	128	5
J9Y	1	1	4	89	0
JA0	1	1	10	65	4
JA1	0	1	4	65	0
JA2	1	0	5	93	5
JA3	0	0	12	79	1
JA4	1	0	10	199	5
JA5	1	1	1	126	3
JA6	2	0	2	22	2
JA8	0	0	1	21	15
JA9	1	2	5	175	5
JAA	1	0	2	39	4
JAB	0	0	1	67	3
JAC	3	3	6	64	3
JAD	2	3	3	173	1
JAE	0	1	4	82	4
JJ6	0	0	0	6	1
JJ7	2	5	7	106	7
JJ8	3	1	2	132	5
JJ9	1	1	1	81	0
JJA	2	3	4	104	0
JJC	0	0	1	4	0
JJD	3	0	4	101	3
JJE	0	2	5	75	4
JJF	2	0	3	41	0
JJG	4	3	7	157	1
JJH	5	0	5	87	9
JJJ	0	0	0	0	0
JJL	0	1	4	279	5
JJN	4	0	12	174	2
JJP	2	2	2	237	7
JJR	0	0	6	46	2
JJS	2	0	2	138	14
JJT	0	4	4	204	0
JJU	0	1	1	146	0
JJV	1	3	5	294	5
JJW	3	2	1	371	7
JJX	0	3	2	29	0
JJY	0	1	0	120	4
JK0	0	1	2	260	10
JK1	0	1	1	115	1
JK2	0	0	0	178	1
JK5	0	2	3	208	13
JK6	0	2	1	50	5
JK7	2	1	5	113	12
JK8	2	1	12	110	15
JK9	2	0	4	80	6
JN6	2	1	14	226	8
JN7	0	0	6	55	7
JN8	0	0	1	39	0
JNB	0	2	7	113	1
JND	3	1	5	118	7
JNE	2	0	6	429	6
JNF	0	1	12	76	0
JNG	0	0	20	96	2
JNH	1	2	2	40	0
JNJ	1	4	11	26	0
JNK	2	1	7	91	1
JNL	2	1	3	43	2
JNM	1	0	7	86	1
JNN	1	3	4	81	0
JNP	0	1	2	107	3
JNR	0	0	1	20	0
JNS	0	1	2	76	1
JNT	0	0	0	16	1
JNU	0	0	0	17	0
JNV	0	0	1	31	0
JNW	2	0	1	83	1
JNX	1	0	11	106	2
JNY	0	0	2	31	1
JP0	2	0	7	162	7
JP1	0	1	1	49	2
JP2	0	0	0	6	0
JP3	0	0	1	22	0
JP4	0	2	3	91	5
JP5	0	0	1	23	3
JP6	1	1	1	33	1
JP7	0	6	6	231	5
JP8	0	0	0	35	1
JS7	1	3	6	90	0
JS8	2	2	3	91	1
JS9	7	6	9	174	0
JSA	2	2	13	208	7
JSC	3	0	6	57	0
JSD	4	0	1	52	0
JSE	1	0	1	63	3
JSF	1	5	10	170	2
JSG	4	4	16	114	3
JSH	2	0	10	85	4
JSJ	1	4	11	116	0
JSK	1	1	8	136	3
JSL	0	1	2	36	5
JSM	1	1	3	89	2
JSN	1	1	11	202	6
JST	0	0	1	77	12
JSU	0	2	0	32	2
JSV	1	0	0	45	2
JSY	4	0	2	107	1
JT0	0	1	2	71	3
JT1	6	1	5	105	6
JT2	0	1	5	145	6
JT3	1	1	7	95	8
JT4	1	1	3	126	12
JT5	3	0	6	191	7
JT7	2	6	10	80	1
JT8	7	1	7	88	1
JT9	0	0	3	23	1
JTA	0	1	5	128	8
JTB	1	1	4	263	11
JTC	1	0	0	195	3
JTD	0	0	2	78	2
JTE	2	3	11	241	1
JTF	2	0	3	79	3
JWA	0	2	8	92	3
JXG	4	0	34	105	1
JXH	0	3	8	65	0
JXJ	0	8	40	179	9
JXK	3	7	23	199	3
JXL	0	2	4	152	0
JXM	2	14	34	1613	0
JXN	0	4	44	47	0
JXP	0	0	3	1	0
JXS	1	14	38	2589	34
JXT	0	7	25	2706	27
JXU	1	4	26	2903	33
JXV	9	7	25	1815	41
JXW	0	20	17	2533	27
JXX	13	6	12	1890	25
JXY	1	8	14	2031	18
JY0	0	3	29	3824	47
JY1	2	9	18	1863	13
JY2	1	5	26	2878	14
JY3	7	9	35	2245	30
JY4	1	8	23	3022	20
JY5	14	14	36	2350	35
JY6	1	5	35	2738	31
JY7	0	4	33	3430	39
JY8	2	14	38	3225	34
JY9	2	0	10	2502	29
JYA	1	4	27	2566	38
JYB	1	1	20	2438	31
JYC	0	13	21	2607	13
JYD	3	10	16	2811	18
JYE	0	5	23	2469	23
JYF	5	19	31	2397	15
JYL	1	1	1	158	11
JYM	1	2	12	237	14
JYN	3	1	8	242	4
K1B	1	3	56	889	2
K1C	2	3	53	796	5
K1D	1	4	52	789	3
K1E	0	0	62	881	2
K1F	0	6	53	840	5
K1G	1	4	58	862	2
K1H	1	1	41	721	2
K1J	0	2	55	854	3
K1K	1	1	45	924	4
K1L	1	4	52	841	2
K1M	1	5	50	938	2
K1N	0	0	39	817	2
K1P	3	2	49	891	3
K1R	1	0	63	907	6
K1S	1	2	64	833	0
K1T	0	1	55	780	4
K1U	2	6	56	888	6
K1V	0	2	58	828	3
K1W	1	2	65	772	0
K1X	2	1	54	913	2
K1Y	0	1	35	767	7
K20	1	4	47	830	1
K21	1	7	42	981	6
K22	2	1	45	905	4
K23	1	4	56	1015	4
K24	4	2	42	937	3
K25	0	4	65	1012	5
K26	1	2	58	797	0
K27	3	1	45	820	4
K28	0	0	12	147	1
K29	0	0	5	32	0
K2A	1	1	5	173	2
K2B	0	0	2	47	0
K2C	0	0	4	56	0
K2D	4	15	95	1836	5
K2E	1	0	4	151	1
K2F	4	2	28	881	1
K2G	0	0	9	21	0
K2H	0	1	1	40	0
K2J	0	0	0	12	0
K2K	0	1	0	116	0
K2L	0	4	20	321	0
K2M	0	0	0	43	0
K2N	1	1	14	536	2
K2P	0	1	4	15	0
K2R	0	3	14	220	0
K2S	0	0	0	0	0
K2T	0	1	14	150	0
K2U	3	7	39	544	0
K2V	0	0	15	117	3
K2W	1	3	33	936	1
K2X	0	0	3	36	0
K2Y	0	1	6	131	2
K30	0	0	0	1	0
K31	1	0	7	137	0
K32	2	11	81	1582	6
K33	0	0	3	0	0
K34	0	0	14	111	1
K35	1	3	33	1087	1
K36	0	0	1	6	0
K37	0	0	4	141	0
K38	1	0	2	11	2
K39	0	0	8	122	0
K3A	2	6	40	515	1
K3B	0	0	2	29	1
K3C	3	0	20	1118	2
K3D	0	0	0	18	0
K3E	0	0	14	96	3
K3F	0	0	0	9	0
K3G	0	0	15	152	1
K3H	0	2	47	671	2
K3J	0	0	17	137	1
K3K	0	1	24	1031	0
K3L	0	0	3	15	0
K3M	0	1	4	88	0
K3N	0	0	7	53	0
K3P	2	2	17	215	1
K3R	0	0	0	3	0
K3S	0	1	2	46	0
K3T	0	0	16	735	1
K3U	0	0	0	14	1
K3V	0	0	0	52	1
K3W	0	0	2	67	0
K3X	1	3	52	557	4
K3Y	0	0	1	2	0
K40	2	1	7	81	1
K41	0	1	21	835	0
K42	0	0	0	5	0
K43	0	0	5	34	0
K44	0	0	1	27	0
K45	0	2	22	685	2
K46	0	0	0	21	0
K47	0	1	11	531	0
K48	0	0	6	36	0
K49	0	0	8	103	2
K4A	0	0	1	7	0
K4B	0	0	12	227	0
K4C	1	3	31	668	1
K4D	0	0	7	127	1
K4E	1	2	12	609	0
K4F	0	0	3	26	0
K4G	0	0	3	72	0
K4H	0	0	12	222	1
K4J	3	2	26	718	1
K4K	0	0	0	13	0
K4L	1	1	13	156	0
K4M	0	3	13	978	0
K4N	0	2	3	162	0
K4P	2	5	59	939	7
K4R	1	0	0	35	0
K4S	3	2	46	751	2
K4T	6	19	218	4933	3
K4U	0	0	3	25	0
K4V	2	8	55	1437	2
K4W	3	8	125	6112	7
K4X	0	0	0	43	0
K4Y	1	2	33	565	1
K50	0	0	7	111	1
K51	1	3	51	923	2
K52	8	25	147	3889	20
K53	0	0	3	23	1
K54	1	8	109	3152	5
K55	7	8	116	4937	6
K56	1	4	30	204	3
K57	1	3	57	782	1
K58	0	0	2	63	3
K59	5	17	162	2077	1
K5A	9	15	168	3396	15
K5B	0	0	0	1	0
K5C	0	7	60	747	10
K5D	4	40	308	7650	14
K5E	0	1	13	85	0
K5F	3	3	53	892	4
K5G	0	0	2	21	0
K5H	1	20	136	2116	2
K5J	6	21	109	2717	7
K5K	0	0	2	9	0
K5L	0	7	51	786	9
K5M	1	25	224	7333	16
K5N	1	3	1	240	0
K5P	1	1	13	296	1
K5R	0	0	0	103	0
K5S	0	0	0	18	0
K5T	0	4	18	159	0
K5U	0	0	0	13	0
K5V	0	0	12	50	0
K5W	0	0	3	28	0
K5X	0	0	3	180	0
K5Y	1	0	8	303	0
K60	3	2	8	579	13
K61	2	0	3	233	13
K62	0	0	1	125	1
K63	0	1	4	169	5
K64	0	0	0	251	4
K65	1	0	2	441	16
K66	1	1	10	131	0
K67	0	0	1	75	0
K68	1	0	1	218	2
K69	0	0	8	92	10
K6A	0	2	5	184	2
K6B	4	0	10	51	1
K6C	1	0	2	114	0
K6D	2	0	6	83	0
K6E	1	0	6	116	1
K6F	1	0	3	71	0
K6G	0	0	5	92	1
K6H	0	0	7	67	0
K6J	0	0	6	140	9
K6K	0	1	0	131	1
K6L	1	0	2	200	3
K6M	0	0	7	470	4
K6N	0	0	6	332	6
K6P	0	0	5	387	6
K6R	0	0	3	377	3
K6S	0	0	1	170	0
K6T	0	0	2	278	2
K6U	0	0	0	541	21
K6V	4	1	8	101	3
K6W	4	2	6	169	11
K6X	0	0	1	22	1
K6Y	3	2	8	264	7
K70	1	2	13	146	11
K71	2	3	3	226	6
K73	1	3	7	120	1
K74	1	1	8	165	14
K75	0	3	4	199	6
K76	1	2	6	63	1
K77	1	3	3	120	4
K78	0	3	8	104	1
K79	0	0	5	49	0
K7D	0	0	1	153	3
K7E	0	0	1	129	0
K7F	1	0	4	45	11
K7G	0	0	8	347	4
K8R	0	3	6	1994	19
K8S	0	14	32	1408	25
K8T	0	15	28	1550	2
K8U	0	15	56	1450	1
K8V	0	1	14	2379	15
K8W	5	11	34	276	4
K8X	0	6	12	549	0
K8Y	0	9	29	148	10
K90	3	3	10	47	0
K91	0	15	57	1314	5
K92	0	6	13	190	5
K93	0	5	57	180	9
K94	3	5	43	148	11
K95	0	3	19	2651	19
K96	1	2	18	253	1
K97	11	23	327	8036	36
K98	1	3	6	206	2
K99	0	1	16	254	1
K9A	0	2	13	240	1
K9B	0	0	17	343	1
K9C	0	6	26	282	1
K9D	0	1	15	268	0
K9E	0	0	6	51	0
K9F	0	1	9	69	1
K9G	1	0	6	48	0
K9H	2	0	9	74	0
K9J	1	2	33	233	0
K9K	0	1	12	267	0
K9L	0	3	11	142	7
K9M	0	1	12	80	1
K9N	0	0	7	65	0
K9P	0	0	9	60	0
K9R	0	1	5	83	0
K9S	3	4	22	56	3
K9T	0	0	5	66	0
K9U	0	2	9	152	0
K9V	1	0	16	113	7
K9W	0	2	8	140	0
K9X	0	2	8	29	0
K9Y	0	0	0	2	0
KA0	0	1	4	2	0
KA1	5	3	42	1162	8
KA2	0	2	6	378	4
KA3	1	1	6	66	0
KA4	0	2	7	145	0
KA5	1	0	1	198	0
KA6	0	0	0	61	0
KA7	0	0	5	56	0
KA8	0	0	3	76	1
KA9	0	0	1	52	0
KAA	0	0	1	54	1
KAB	0	0	1	76	0
KAC	0	1	2	77	0
KAD	0	0	4	74	0
KAE	0	0	2	73	1
KAF	0	1	1	94	0
KAG	0	0	3	89	0
KAH	0	2	2	77	0
KAJ	1	5	10	190	2
KAK	0	0	9	39	0
KAL	1	0	9	261	0
KAM	0	1	7	153	0
KAN	0	0	2	84	0
KAP	0	1	13	382	3
KAR	0	0	10	173	0
KAS	0	0	1	180	0
KAT	0	0	2	174	0
KAU	0	0	0	41	0
KAV	1	1	2	156	3
KAX	0	0	0	22	0
KAY	1	6	28	503	2
KB0	2	4	25	717	21
KB1	1	4	4	999	52
KB2	0	2	5	1050	51
KB3	0	0	2	283	22
KB4	0	0	0	20	1
KB5	0	0	2	60	5
KB6	0	0	2	474	12
KB7	1	4	42	2207	145
KB8	1	0	33	2008	155
KB9	3	0	4	596	61
KBA	0	0	3	106	17
KBB	1	1	26	2186	75
KBC	1	0	6	916	43
KBD	1	3	23	1096	58
KBE	0	0	18	2306	105
KBF	2	4	35	2440	130
KBG	2	0	8	654	41
KBH	2	2	16	824	87
KBJ	1	0	4	246	32
KBK	6	3	28	1081	79
KBL	0	0	4	651	74
KBM	0	0	5	275	30
KBN	0	0	6	274	30
KBP	1	1	13	621	17
KBR	0	0	2	278	33
KBS	0	0	5	192	4
KBT	0	0	1	73	2
KBU	1	0	4	298	16
KBV	0	0	1	126	22
KBW	2	2	26	2707	274
KBX	3	3	4	424	10
KBY	0	0	2	189	10
KC0	1	1	24	1135	21
KC1	0	1	6	423	6
KC2	1	0	19	1036	58
KC3	0	3	14	951	38
KC4	0	0	11	607	36
KC5	3	0	4	713	33
KC6	0	1	6	398	35
KC7	0	1	3	352	8
KC8	1	0	5	410	15
KC9	1	2	16	1332	38
KCA	1	0	4	663	23
KCB	2	0	1	363	17
KCC	0	0	1	170	2
KCD	0	1	20	752	74
KCE	0	2	27	1369	85
KCF	0	0	12	513	60
KCG	3	3	5	574	35
KCH	0	1	7	915	59
KCJ	0	1	4	294	6
KCK	0	2	2	128	15
KCL	0	2	11	769	65
KCM	0	0	1	199	7
KCN	0	2	15	1352	50
KCP	1	3	17	1991	105
KCR	0	0	0	163	2
KCS	0	2	7	543	22
KCT	0	1	31	3243	169
KCU	0	0	13	1053	125
KCV	2	0	30	686	78
KCW	0	1	7	687	71
KCX	2	2	8	1859	81
KCY	0	0	11	446	11
KD0	0	3	25	1965	289
KD1	0	1	12	670	56
KD2	0	0	5	467	31
KD3	0	0	11	956	39
KD4	0	0	3	143	5
KD5	2	3	9	1129	93
KD6	2	1	28	822	44
KD7	0	0	7	344	39
KD8	1	3	22	2270	81
KD9	0	0	4	367	45
KDA	4	0	57	1559	114
KDB	2	0	4	296	40
KDC	0	0	1	17	1
KDD	0	0	0	28	5
KDE	0	0	7	597	68
KDF	0	0	0	16	2
KDG	0	1	2	334	53
KDH	0	0	4	200	32
KDJ	1	0	6	203	9
KDK	0	0	1	108	8
KDL	0	0	2	206	19
KDM	1	4	40	3003	100
KDN	2	0	18	1137	109
KDP	0	0	5	306	40
KDR	0	0	9	187	13
KDS	0	0	9	360	10
KDT	0	0	0	104	7
KDU	0	0	3	140	3
KDV	1	1	6	672	44
KDW	4	4	16	1543	52
KDX	0	0	4	173	11
KDY	1	1	2	396	21
KE0	0	2	11	910	61
KE1	2	0	18	668	32
KE2	1	2	26	1552	58
KE3	6	2	8	1202	55
KE4	0	0	5	493	49
KE5	0	0	1	76	4
KE6	0	4	22	1853	55
KEB	0	0	5	118	6
KGH	0	0	11	222	20
KGK	3	1	5	167	13
KGL	0	0	14	65	5
KGM	3	3	11	125	2
KGN	4	1	6	180	5
KGP	0	0	9	250	3
KGR	0	0	4	204	7
KGS	1	0	10	184	5
KGT	0	0	6	166	15
KGU	2	0	7	220	38
KGV	0	0	1	28	0
KGW	1	3	4	203	6
KGX	6	3	13	91	2
KJS	0	3	12	69	2
KJT	1	1	2	92	0
KJU	1	0	7	92	4
KJV	0	0	1	91	10
KLE	0	0	3	83	3
KLF	1	0	2	90	8
KLG	1	0	6	177	5
KLH	0	0	5	211	0
KLS	1	0	7	228	7
KLT	1	0	2	76	2
KLV	1	7	8	156	8
KLW	0	1	7	154	15
KLX	3	1	4	195	3
KLY	1	2	14	103	1
KM0	1	1	10	112	3
KM1	0	3	9	72	3
KM2	0	1	6	205	11
KM3	0	0	9	143	13
KM4	1	4	7	145	10
KM5	4	1	5	151	11
KM6	1	0	7	194	12
KM7	3	3	11	133	2
KM8	0	0	6	235	9
KN1	0	1	1	36	0
KN2	0	0	11	145	6
KN3	1	1	13	122	4
KN6	0	0	4	28	0
KN7	0	0	3	19	0
KN8	0	1	1	94	5
KN9	1	1	4	75	1
KNA	0	1	3	81	0
KNB	0	0	1	99	5
KNC	3	2	8	576	2
KND	1	0	1	19	0
KNF	7	0	17	78	6
KNG	0	0	1	14	0
KNH	0	0	0	7	0
KNJ	0	0	0	3	1
KNK	0	0	0	7	2
KNR	0	0	1	115	15
KNS	0	0	1	144	6
KNT	0	0	0	8	0
KNU	0	0	0	0	0
KNV	0	0	6	104	17
KNW	0	0	0	10	1
KNY	1	0	0	325	44
KP0	0	0	1	164	10
KP1	1	2	32	1307	113
KP2	0	0	1	149	22
KP3	0	0	4	440	59
KP4	2	0	18	604	81
KP5	1	0	7	589	34
KP6	2	0	15	639	61
KP7	0	0	0	36	6
KP8	0	0	6	483	27
KP9	0	0	2	164	20
KPA	0	0	29	484	53
KPB	0	0	0	39	1
KPC	0	0	0	43	20
KPD	0	0	1	121	6
KPE	0	0	6	378	59
KPF	0	0	4	87	7
KPG	0	0	16	983	113
KPH	3	0	4	346	34
KPJ	1	0	0	133	1
KPK	0	0	3	126	23
KPL	0	0	3	103	18
KPM	0	0	5	277	4
KPN	1	0	1	81	7
KPP	0	0	4	171	26
KPR	0	1	2	314	15
KPS	0	0	0	1	0
KPT	1	1	0	171	35
KPU	1	0	13	431	21
KPV	8	3	28	1462	66
KPW	0	0	0	161	28
KPX	0	0	0	143	16
KPY	0	0	2	161	21
KR0	1	0	1	564	26
KR1	0	0	8	92	7
KR2	0	0	1	192	36
KRE	0	3	5	88	2
KRF	4	3	21	193	11
KRG	1	2	13	363	18
KRH	14	26	106	1253	48
KRJ	1	3	0	94	1
KRK	0	0	1	88	3
KRL	10	7	69	997	51
KRM	5	4	74	714	13
KRN	0	1	6	113	0
KRP	13	7	22	282	14
KRR	0	0	3	24	0
KRS	0	0	3	23	0
KRT	22	18	107	1615	37
KRU	2	1	25	357	3
KRV	0	1	1	27	0
KRW	0	2	9	75	3
KRX	0	0	2	185	3
KRY	3	1	2	59	6
KS0	1	1	5	108	0
KS1	6	3	12	179	1
KS2	1	2	9	302	12
KS3	0	3	12	157	0
KS4	1	1	4	12	4
KS5	0	1	7	17	0
KS6	0	1	6	76	11
KS7	4	10	25	756	3
KS8	0	0	61	268	1
KS9	2	1	25	276	2
KSN	0	1	11	213	48
KSP	0	0	0	46	6
KSR	2	0	6	211	14
KSS	0	0	7	1076	46
KST	1	0	4	1019	47
KSU	0	0	0	75	7
KSV	2	0	8	515	81
KSW	0	0	1	212	24
