id	stop.to	time	click	noun	nominalization	downtoner
A00	0	16	0	389	125	9
A01	0	19	0	495	168	18
A02	0	7	0	202	76	5
A03	0	13	0	924	381	21
A04	0	61	0	1598	839	102
A05	0	83	0	1600	545	69
A06	0	77	0	1877	511	58
A07	0	72	0	1481	924	101
A08	0	116	0	2408	451	149
A0A	0	3	0	290	84	2
A0B	0	13	0	434	225	19
A0C	0	29	0	1596	500	36
A0D	0	67	0	2233	246	78
A0E	0	32	0	792	282	4
A0F	0	95	0	2170	324	93
A0G	0	69	0	2342	307	59
A0H	0	112	0	1776	550	102
A0J	0	53	0	1745	489	31
A0K	0	57	0	1198	756	102
A0L	0	140	0	2671	197	79
A0M	0	56	0	1364	354	72
A0N	0	50	2	2138	216	61
A0P	0	92	0	1746	672	118
A0R	3	67	1	2317	239	55
A0S	1	2	0	132	50	0
A0T	0	34	0	1473	828	88
A0U	2	57	2	1966	278	71
A0V	0	45	0	1049	298	27
A0W	0	16	0	644	156	32
A0X	1	60	0	1700	469	66
A0Y	0	16	0	1071	542	11
A10	0	33	0	1340	704	34
A11	0	48	0	1601	713	117
A12	0	70	1	1913	761	139
A13	0	2	0	254	78	3
A14	0	36	0	1138	303	41
A15	1	54	1	1428	379	76
A16	0	40	1	1743	368	62
A17	0	34	0	1460	240	47
A18	0	50	0	1372	451	81
A19	0	66	0	2067	874	71
A1A	0	60	0	1501	834	71
A1B	0	60	0	1837	607	113
A1D	0	9	0	158	55	16
A1E	0	15	0	447	212	26
A1F	0	17	0	402	149	22
A1G	0	14	0	444	172	19
A1H	0	3	0	133	50	4
A1J	0	13	0	628	265	32
A1K	0	4	0	85	17	4
A1L	0	2	0	85	21	2
A1M	0	7	0	226	100	6
A1N	0	24	0	641	127	42
A1P	0	2	0	96	49	4
A1R	0	4	0	58	23	11
A1S	0	15	0	527	226	23
A1T	0	6	0	389	172	25
A1U	0	3	0	193	77	9
A1V	0	18	0	970	431	33
A1W	0	13	0	163	65	8
A1X	0	10	0	174	39	6
A1Y	0	11	0	706	299	19
A20	0	4	0	78	29	2
A21	0	1	0	66	35	2
A22	0	15	0	365	92	15
A23	0	4	0	109	48	6
A24	0	2	0	149	49	10
A25	0	3	0	133	57	8
A26	0	15	0	527	215	16
A27	0	19	0	369	166	18
A28	0	20	0	499	223	20
A29	0	8	0	126	52	9
A2A	0	14	0	701	295	19
A2B	0	4	0	83	27	3
A2C	0	1	0	153	43	8
A2D	0	14	0	121	39	7
A2E	0	24	0	550	127	30
A2F	0	3	0	131	53	7
A2G	0	10	0	253	85	12
A2H	0	20	0	596	220	20
A2J	0	14	0	395	138	16
A2K	0	6	0	141	60	8
A2L	0	10	0	236	89	11
A2M	0	17	0	420	187	15
A2N	0	2	0	118	33	5
A2P	1	27	0	725	345	13
A2R	0	2	0	101	33	6
A2S	0	26	0	628	158	35
A2T	0	3	0	129	63	4
A2U	0	7	0	193	73	14
A2V	0	27	0	529	171	22
A2W	0	9	0	376	167	16
A2X	0	15	0	472	193	19
A2Y	0	7	0	136	49	4
A30	0	15	0	710	285	21
A31	0	2	0	144	70	3
A32	0	5	0	118	34	2
A33	0	22	0	555	169	19
A34	0	0	0	80	37	5
A35	0	13	0	292	87	17
A36	0	9	0	257	92	14
A37	0	22	0	474	168	19
A38	0	3	0	145	33	9
A39	0	2	0	106	33	4
A3A	0	23	0	391	131	14
A3B	0	1	0	81	32	3
A3C	0	19	0	395	93	17
A3D	0	4	0	398	192	23
A3E	0	2	0	85	28	0
A3F	0	1	0	117	49	5
A3G	0	21	0	615	240	20
A3H	0	4	0	86	16	1
A3J	0	11	0	244	85	15
A3K	0	7	0	159	82	13
A3L	0	31	0	623	158	35
A3M	0	10	0	153	38	5
A3N	0	8	0	281	77	4
A3P	0	17	0	360	50	18
A3R	0	8	0	158	55	7
A3S	0	15	0	438	216	20
A3T	0	9	0	432	165	21
A3U	0	14	0	408	193	19
A3V	0	6	0	162	52	13
A3W	0	12	0	554	277	24
A3X	0	10	0	181	21	7
A3Y	0	4	0	194	71	8
A40	0	30	0	594	140	24
A41	0	3	0	98	52	4
A42	0	5	0	125	61	12
A43	0	17	0	574	229	28
A44	0	14	0	360	170	20
A45	0	1	0	158	62	2
A46	0	7	0	533	249	39
A47	0	6	0	138	47	4
A48	0	5	0	151	35	8
A49	0	22	0	625	279	21
A4A	0	5	0	227	68	5
A4B	0	14	0	435	118	22
A4C	0	2	0	145	46	5
A4D	1	4	0	132	65	4
A4E	0	4	0	151	58	9
A4F	0	24	0	586	208	16
A4G	0	18	0	391	161	19
A4H	0	16	0	451	207	18
A4J	0	6	0	148	72	11
A4K	0	24	0	751	344	19
A4L	0	1	0	128	33	5
A4M	0	7	0	157	49	11
A4N	0	3	0	133	45	5
A4P	0	27	0	487	108	26
A4R	0	3	0	78	31	2
A4S	0	6	0	229	82	21
A4U	0	7	0	382	158	22
A4V	0	8	0	182	102	9
A4W	0	5	0	173	81	14
A4X	0	17	0	505	232	21
A4Y	0	7	0	138	32	6
A50	0	22	0	757	322	22
A51	0	5	0	89	21	2
A52	0	25	0	525	132	23
A53	0	3	0	146	80	4
A54	0	8	0	235	59	15
A55	0	12	0	514	223	19
A56	0	11	0	398	159	13
A57	0	19	0	506	210	23
A58	0	3	0	118	60	0
A59	0	28	0	793	326	24
A5A	0	10	0	196	108	10
A5B	0	6	0	161	54	6
A5C	0	24	0	518	120	26
A5D	0	5	0	103	67	0
A5E	0	8	0	230	71	18
A5F	0	4	0	212	73	10
A5G	0	20	0	508	216	19
A5H	0	6	0	164	29	10
A5J	0	5	0	108	47	7
A5K	0	18	0	382	122	25
A5L	0	3	0	131	28	5
A5M	1	16	0	421	182	18
A5N	0	7	0	110	13	7
A5P	0	8	0	136	59	2
A5R	0	21	0	684	289	29
A5S	0	8	0	304	108	18
A5T	0	2	0	156	54	12
A5U	0	33	1	713	148	32
A5V	0	4	0	113	26	5
A5W	0	9	0	253	94	10
A5X	0	10	1	341	88	17
A5Y	0	63	0	1636	757	84
A60	0	18	0	908	482	21
A61	0	119	0	2234	369	58
A62	0	56	0	1070	533	102
A63	0	7	0	531	204	6
A64	0	61	0	1786	796	147
A65	2	33	1	2024	454	44
A66	0	95	0	1809	978	162
A67	0	51	0	1627	628	40
A68	0	121	0	2408	729	93
A69	0	60	0	1471	868	98
A6A	0	89	0	2355	735	89
A6B	0	65	0	2049	932	118
A6C	2	71	0	1766	248	43
A6D	0	53	0	1695	1011	148
A6E	0	105	0	1337	100	47
A6F	0	57	0	1559	1000	82
A6G	0	54	0	1554	966	90
A6J	1	76	0	1642	318	91
A6L	0	116	1	1998	702	65
A6M	0	51	0	1151	750	105
A6N	2	76	0	1929	179	62
A6R	0	29	0	1680	204	56
A6S	1	85	0	1385	771	85
A6T	2	138	0	2235	298	103
A6U	0	26	0	1042	542	68
A6V	0	84	0	2103	575	125
A6W	0	52	1	1439	357	110
A6X	0	55	0	1736	458	80
A6Y	0	53	0	1273	507	84
A70	0	56	0	2501	311	63
A73	0	67	0	2534	216	91
A74	2	47	0	2302	78	40
A75	0	218	0	1486	558	68
A77	0	84	0	1854	583	85
A79	0	28	0	1300	648	107
A7A	0	51	1	1949	237	87
A7C	0	63	0	1503	481	116
A7D	0	67	0	2232	435	86
A7F	0	36	0	1456	496	38
A7G	0	37	0	1333	355	37
A7H	0	123	1	1694	451	60
A7J	0	62	0	1655	204	36
A7K	0	54	0	1485	373	35
A7L	0	66	0	1319	687	97
A7N	0	45	0	1383	241	50
A7P	0	33	0	1146	178	30
A7S	0	6	0	229	73	13
A7T	0	10	0	372	164	23
A7U	0	0	0	13	5	1
A7V	0	7	0	409	179	21
A7W	0	25	0	1139	508	34
A7X	0	1	0	41	9	1
A7Y	0	13	0	516	191	22
A80	0	16	0	453	92	24
A81	0	3	0	47	16	2
A82	0	0	0	11	2	1
A83	0	9	0	351	100	12
A84	0	0	0	23	7	0
A85	0	9	0	437	174	14
A86	0	0	0	40	8	1
A87	0	23	0	476	229	25
A88	0	14	0	603	243	28
A89	0	18	0	720	174	34
A8A	0	0	0	20	5	0
A8B	0	5	0	142	37	2
A8C	0	24	0	560	114	38
A8D	0	16	0	317	129	10
A8E	0	4	0	288	110	17
A8F	0	37	0	820	233	45
A8G	0	5	0	160	58	11
A8H	0	14	0	385	161	22
A8J	0	4	0	362	167	7
A8K	1	22	0	1122	508	65
A8L	0	0	0	63	15	3
A8M	0	4	0	160	53	6
A8N	0	23	0	544	113	31
A8P	0	5	0	101	43	6
A8R	0	7	1	348	105	18
A8S	0	4	0	73	21	3
A8T	0	0	0	31	15	0
A8U	0	7	0	405	144	21
A8V	0	0	0	13	4	0
A8W	0	12	0	474	217	16
A8X	0	28	0	1051	498	38
A8Y	0	26	0	289	81	10
A90	0	20	0	608	148	17
A91	0	4	0	140	31	2
A92	0	11	0	329	105	13
A93	0	7	0	125	27	1
A94	0	10	0	458	175	38
A95	0	9	0	474	206	19
A96	0	31	0	1016	469	44
A97	0	2	0	38	12	2
A98	0	8	0	298	134	17
A99	0	25	0	449	103	26
A9A	0	3	0	124	56	5
A9B	0	0	0	1	1	0
A9C	0	4	0	115	38	4
A9D	0	23	0	1013	396	68
A9E	0	19	0	803	366	37
A9F	0	26	0	882	336	34
A9G	0	0	0	9	1	0
A9H	0	58	0	1068	239	62
A9J	0	7	0	149	79	10
A9K	0	2	0	46	19	0
A9L	0	1	0	151	65	3
A9M	0	6	0	475	232	23
A9N	0	15	0	572	288	16
A9P	0	1	0	24	5	3
A9R	0	25	0	597	116	32
A9S	0	1	0	34	13	0
A9T	0	15	0	433	83	21
A9U	0	8	0	337	146	24
A9V	0	13	0	306	185	9
A9W	1	26	0	895	420	36
A9X	0	4	0	25	4	2
A9Y	0	1	0	17	6	0
AA0	0	18	0	440	93	24
AA1	0	18	0	703	255	27
AA2	0	6	0	229	60	12
AA3	0	14	0	381	180	20
AA4	0	5	0	358	175	25
AA5	0	26	0	825	370	22
AA6	0	0	0	57	5	4
AA7	0	21	0	392	97	16
AA8	0	53	0	852	306	36
AA9	0	41	0	855	232	40
AAA	0	5	0	312	136	14
AAB	0	13	0	437	220	14
AAC	0	19	0	801	365	28
AAD	0	2	0	63	8	4
AAE	0	22	0	511	113	27
AAF	1	15	0	839	261	38
AAG	0	11	0	258	98	12
AAH	0	13	0	260	65	15
AAJ	0	14	0	305	144	18
AAK	0	11	0	422	213	15
AAL	1	16	0	980	414	31
AAM	0	2	0	95	10	1
AAN	0	14	0	413	81	26
AAP	0	10	0	349	163	12
AAR	0	1	0	105	33	1
AAS	0	24	0	425	171	24
AAT	0	5	0	300	150	16
AAU	0	6	0	474	188	15
AAV	0	35	0	1041	231	38
AAW	0	26	0	555	116	25
AAX	0	7	0	331	124	10
AAY	0	14	0	570	207	17
AB3	0	53	1	1657	567	65
AB4	0	69	0	1503	253	74
AB5	0	174	1	1516	213	60
AB6	0	57	0	1513	825	82
AB9	3	60	0	1989	333	84
ABA	0	67	0	1307	787	67
ABB	0	37	0	2201	232	93
ABC	0	59	0	1698	626	127
ABD	0	71	0	2802	908	144
ABE	0	98	0	3146	1044	151
ABF	0	84	0	3133	1152	171
ABG	0	82	0	3133	1072	142
ABH	0	81	0	3183	1028	166
ABJ	0	135	0	4159	1392	188
ABK	0	75	0	3025	1094	157
ABL	0	76	0	1250	357	92
ABM	0	34	0	1584	838	102
ABP	0	80	0	1340	771	113
ABR	0	120	0	1343	269	179
ABS	0	109	0	3045	498	121
ABU	0	58	0	1749	823	80
ABV	0	69	0	2020	696	71
ABW	0	66	0	2000	295	85
ABX	1	68	0	2812	40	54
AC0	0	14	0	334	148	18
AC2	0	65	0	1976	561	49
AC3	0	96	0	2364	188	113
AC4	3	70	2	2263	146	105
AC5	1	72	0	2371	118	67
AC6	1	101	0	2127	371	103
AC7	0	106	0	1496	170	92
AC9	0	63	0	1695	826	81
ACA	0	48	0	1253	453	69
ACB	2	64	4	2328	173	108
ACE	0	94	1	2647	327	102
ACG	0	70	0	1817	419	103
ACH	0	47	0	1425	871	87
ACJ	0	29	0	1234	799	89
ACK	1	86	2	2317	124	38
ACL	1	76	0	1446	721	68
ACM	1	69	0	1380	245	35
ACN	0	82	0	2251	494	68
ACP	0	82	0	2113	470	68
ACR	0	96	2	3236	968	113
ACS	0	78	0	1731	606	111
ACV	1	47	4	2057	235	61
ACW	3	70	1	1585	151	77
ACX	0	48	0	2453	336	60
ACY	0	32	0	1325	205	39
AD0	0	96	0	1832	293	78
AD1	1	66	2	2325	250	91
AD2	0	46	0	1373	691	85
AD7	0	56	0	887	175	61
AD9	0	90	1	2527	430	89
ADA	0	76	1	1988	365	106
ADB	0	69	0	1433	583	115
ADC	0	71	0	1400	790	71
ADD	0	72	0	1192	733	182
ADE	1	126	0	1089	333	35
ADF	1	81	0	1568	468	89
ADG	2	80	1	1473	193	66
ADH	0	41	0	802	415	61
ADK	1	111	1	1850	587	71
ADL	0	58	1	1529	464	86
ADM	1	59	0	2238	249	70
ADP	0	125	0	1723	411	70
ADR	0	118	0	1832	299	60
ADS	0	66	0	1413	235	118
ADW	0	46	0	1469	826	75
ADX	0	41	0	2174	826	43
ADY	1	85	1	2198	234	83
AE0	1	87	1	2602	324	114
AE4	1	50	0	1257	567	113
AE6	0	43	0	1482	680	102
AE7	1	43	0	1630	756	113
AE8	3	68	0	1893	588	84
AE9	0	84	0	1296	565	52
AEA	4	42	0	1431	255	56
AEB	0	69	1	2159	170	71
AH9	0	0	0	16	5	3
AHA	2	40	0	1178	312	45
AHB	0	18	0	743	337	41
AHC	0	60	0	1750	372	108
AHD	0	10	0	208	59	14
AHE	0	2	0	46	16	0
AHF	0	41	0	1257	459	56
AHG	0	44	0	1288	377	83
AHH	0	0	0	5	2	1
AHJ	0	43	0	1051	362	55
AHK	0	93	0	1787	338	122
AHL	0	6	1	116	52	8
AHM	0	5	0	125	45	3
AHN	0	69	0	2077	813	88
AHP	0	4	0	145	62	8
AHR	0	7	0	341	101	8
AHS	0	0	0	16	9	1
AHT	0	18	1	787	338	43
AHU	0	70	0	1634	383	76
AHV	0	1	0	85	30	1
AHW	0	0	0	46	24	2
AHX	0	43	0	1454	589	56
AHY	0	9	0	310	101	14
AJ0	0	9	0	275	84	5
AJ1	0	1	0	21	12	0
AJ2	0	26	0	643	289	34
AJ3	0	34	0	781	226	32
AJ4	0	1	0	42	16	0
AJ5	0	9	0	149	57	2
AJ6	0	27	0	1064	487	40
AJ7	0	1	0	31	11	4
AJ8	0	20	0	492	143	28
AJ9	0	15	0	660	259	32
AJA	0	46	0	1245	342	53
AJB	0	4	0	109	35	5
AJC	0	1	0	22	7	1
AJD	1	46	0	1322	468	57
AJE	0	1	0	19	7	0
AJF	0	6	0	283	86	14
AJG	0	0	0	29	14	2
AJH	0	14	0	511	237	23
AJJ	0	40	0	790	185	39
AJK	0	4	0	90	37	2
AJL	0	4	0	123	45	1
AJM	0	48	0	1212	433	66
AJN	0	12	0	466	104	18
AJP	0	11	0	445	205	19
AJR	0	21	0	593	121	19
AJS	0	1	0	52	11	5
AJT	0	8	0	131	32	7
AJU	0	43	0	1334	500	61
AJV	0	30	0	903	289	44
AJW	0	1	0	30	20	2
AJX	0	18	0	682	287	45
AJY	1	64	0	2065	391	76
AK0	0	0	0	29	10	2
AK1	0	1	0	36	14	2
AK2	0	46	0	1280	526	65
AK3	0	0	0	25	7	2
AK4	0	58	0	1204	338	68
AK6	2	77	0	1780	401	94
AK7	0	0	0	22	10	0
AK8	0	1	0	136	54	2
AK9	0	82	0	1873	689	83
AKA	0	0	0	35	10	1
AKB	0	10	0	333	99	12
AKC	0	0	0	23	3	0
AKD	0	32	0	939	367	31
AKE	0	81	0	1548	317	81
AKF	0	0	0	103	46	4
AKG	0	0	0	33	13	2
AKH	0	30	0	923	358	42
AKJ	0	22	0	502	135	25
AKK	0	4	0	23	7	1
AKL	0	25	0	634	289	42
AKM	0	60	0	1344	297	70
AKN	0	0	0	55	26	1
AKP	0	0	0	114	64	3
AKR	0	17	0	937	374	27
AKS	0	10	0	336	89	16
AKT	0	0	0	42	8	1
AKU	0	19	0	680	255	24
AKV	0	26	0	834	168	29
AKW	0	1	0	31	9	0
AKX	0	4	0	151	63	10
AKY	0	31	0	1005	380	25
AL0	0	9	0	223	56	8
AL1	0	0	0	10	2	1
AL2	0	20	0	409	205	18
AL3	1	76	0	1678	414	89
AL4	0	0	0	11	5	3
AL5	0	6	0	128	35	7
AL6	0	25	0	985	378	29
AL7	0	1	0	375	170	5
AL8	0	49	0	1271	919	97
AL9	0	6	0	280	174	31
ALA	0	19	0	336	153	17
ALB	0	19	0	344	232	20
ALC	0	110	0	1406	536	94
ALE	0	9	0	264	180	7
ALF	0	10	0	486	341	22
ALG	0	3	0	177	123	12
ALH	1	77	1	2277	229	58
ALJ	0	43	1	1982	176	70
ALK	0	80	0	818	268	47
ALL	0	39	3	2159	332	66
ALM	0	53	0	1326	820	54
ALN	0	32	0	871	533	42
ALP	0	33	0	1031	566	65
ALS	0	12	0	260	22	9
ALT	0	34	0	635	209	22
ALU	0	71	0	1258	533	61
ALV	0	52	0	2209	1052	51
ALW	0	65	0	2826	1495	87
ALX	0	18	0	956	178	21
ALY	0	68	0	1052	431	46
AM0	0	62	0	1721	549	115
AM1	0	3	0	159	42	7
AM2	0	12	0	586	103	18
AM4	0	81	0	1757	889	95
AM5	0	47	0	1603	372	67
AM6	0	49	0	1282	648	76
AM7	0	42	0	1352	954	51
AM8	0	41	0	1814	968	46
AM9	0	19	0	1014	626	27
AMA	0	16	0	749	427	8
AMB	0	120	0	2003	158	72
AMC	0	87	0	1763	524	113
AMD	0	48	0	2804	571	46
AMG	0	51	0	1716	1017	71
AMH	0	24	0	663	352	22
AMK	0	44	0	1598	921	104
AML	0	35	0	1304	549	63
AMM	0	53	0	1910	482	127
AMN	0	38	0	768	316	49
AMR	0	18	0	381	141	13
AMS	0	62	0	1777	508	111
AMT	0	31	0	1420	694	61
AMU	0	44	0	2470	297	80
AMW	0	55	0	1589	579	29
AMX	0	4	0	169	54	8
AMY	0	73	0	1396	448	82
AN0	0	72	0	1397	647	58
AN1	0	35	0	612	302	44
AN2	0	40	0	1793	327	63
AN3	0	56	0	1576	1048	69
AN4	0	85	0	3194	866	136
AN5	0	35	0	1379	983	58
AN7	0	77	2	2581	165	82
AN8	0	67	1	1824	403	91
AN9	0	99	0	1808	936	85
ANA	0	43	0	1273	621	62
ANB	1	77	0	1312	410	94
ANC	0	112	0	1877	423	65
AND	0	101	0	1659	783	53
ANF	0	81	0	1650	316	94
ANH	0	18	0	1529	1115	94
ANJ	0	35	0	612	191	37
ANK	0	89	0	1998	345	67
ANL	2	82	0	2824	420	123
ANM	0	81	0	1507	342	53
ANP	0	37	0	906	246	27
ANR	0	67	0	1240	593	116
ANS	0	17	0	1147	689	24
ANT	0	68	0	1613	1030	103
ANU	0	49	0	1728	497	99
ANX	0	83	0	2748	990	110
ANY	1	78	1	2314	492	81
AP0	0	113	0	1370	380	83
AP1	0	35	0	1234	526	20
AP5	0	22	0	990	449	56
AP6	0	2	0	116	47	3
AP7	0	65	0	1613	399	123
AP8	0	16	0	679	111	7
APC	1	63	0	1989	308	63
APD	0	31	0	1378	844	106
APE	0	48	0	1402	830	95
APH	0	16	0	1546	1112	93
APJ	0	8	0	220	75	1
APK	0	53	0	828	272	31
APL	0	34	0	571	163	21
APM	0	67	0	2080	299	87
APN	0	39	0	1347	940	84
APP	0	47	0	1165	681	50
APR	0	42	0	1789	279	61
APS	0	60	0	1275	848	92
APT	0	36	0	1889	414	31
APU	0	52	2	1933	328	67
APV	0	62	0	2136	1026	64
APW	1	61	0	2417	139	63
APX	0	32	0	1460	637	49
AR0	0	47	0	1720	1043	83
AR2	2	100	0	1047	175	65
AR3	0	121	0	1456	396	114
AR4	0	12	0	562	214	16
AR5	0	53	0	1430	276	77
AR7	0	81	0	1607	371	71
AR8	3	89	0	1667	478	85
AR9	0	55	0	1822	785	99
ARA	0	13	0	690	159	10
ARB	1	59	2	2335	343	88
ARC	0	59	0	1357	719	71
ARD	0	63	0	783	462	51
ARE	0	61	0	1077	259	35
ARF	0	98	0	1602	690	74
ARG	0	47	0	1961	523	81
ARH	0	69	0	1723	919	101
ARJ	2	125	1	3062	639	125
ARK	1	46	0	1998	281	45
ARM	0	25	0	622	88	12
ARP	0	20	0	778	131	28
ARR	0	49	0	1707	536	104
ARS	0	50	0	1410	472	68
ART	0	78	0	2106	554	95
ARW	0	61	0	1620	536	65
ARX	0	31	0	663	253	37
ARY	0	23	0	398	284	18
AS0	0	53	0	1285	532	42
AS1	0	33	0	1278	508	59
AS3	0	77	0	1506	296	113
AS4	0	42	0	1318	413	60
AS5	0	29	0	235	111	12
AS6	0	25	0	1125	709	48
AS7	0	87	0	1710	304	71
ASA	1	96	0	1802	197	78
ASB	0	69	0	1729	994	100
ASC	0	123	0	1339	374	86
ASD	0	81	0	1870	242	63
ASE	0	57	1	1835	202	57
ASF	0	356	0	1490	659	91
ASH	0	71	0	1178	242	36
ASJ	0	36	0	1182	293	49
ASK	0	37	0	1721	916	119
ASL	0	35	0	1381	664	82
ASN	1	98	0	2097	323	105
ASR	0	75	0	1417	567	154
ASS	0	60	1	2222	255	90
ASU	0	27	0	1076	304	59
ASV	0	75	0	2236	278	96
ASW	0	104	0	1567	373	87
ASY	0	74	0	1464	860	100
AT1	0	86	0	1942	378	85
AT3	4	74	0	2209	273	126
AT4	3	99	1	2784	293	98
AT6	1	32	0	1997	427	114
AT7	1	81	0	1998	142	106
AT8	0	40	0	1376	794	96
AT9	0	29	0	381	152	3
ATA	1	50	0	1397	655	58
ATE	0	90	0	2288	211	98
ATG	0	32	0	786	464	67
AYJ	0	143	0	2172	975	108
AYK	1	145	0	1733	465	94
AYM	0	44	0	1196	300	33
AYP	0	114	0	3002	1286	70
AYR	2	16	0	491	196	9
AYX	0	14	0	369	110	18
B01	0	40	0	1799	1074	94
B02	0	15	0	1158	697	70
B03	0	94	1	2899	853	94
B04	0	44	0	1594	789	74
B05	0	21	0	500	234	11
B06	0	87	0	1810	495	70
B07	0	72	0	1720	1071	68
B08	0	83	0	1835	905	69
B09	0	46	0	1409	475	46
B0A	0	69	1	1552	416	68
B0B	4	87	0	2043	108	114
B0G	0	50	0	974	215	20
B0H	0	91	0	1608	697	68
B0J	0	0	0	59	25	10
B0K	0	53	0	1489	354	107
B0L	0	98	0	1576	500	83
B0M	0	39	0	2418	1205	70
B0N	0	87	0	1675	876	60
B0P	0	147	1	1560	277	126
B0R	0	58	0	1190	383	121
B0S	0	23	0	638	447	21
B0U	0	114	2	2327	313	89
B0W	0	99	0	1117	589	99
B0X	0	30	0	1522	915	39
B0Y	0	36	0	2551	483	32
B10	0	120	0	1933	693	83
B11	1	62	1	1581	481	62
B12	0	38	0	1608	1048	114
B13	0	37	0	908	215	16
B14	0	42	0	1657	996	66
B15	0	31	1	1199	761	51
B16	0	78	0	1673	701	75
B17	0	45	0	1483	675	55
B19	1	104	0	1989	389	107
B1A	0	2	0	64	7	2
B1C	0	24	0	1925	86	35
B1D	0	64	0	1430	812	114
B1E	0	23	0	1287	931	73
B1F	0	58	0	1694	494	87
B1G	0	42	0	1534	991	71
B1H	0	45	0	2517	438	73
B1J	0	62	0	2040	599	67
B1K	0	2	0	380	286	6
B1L	0	76	0	1853	444	83
B1M	0	13	0	784	233	30
B1N	2	69	1	1738	332	73
B1P	0	75	0	1434	673	73
B1R	1	51	0	2377	661	52
B1S	0	2	0	41	2	1
B1T	0	22	0	902	656	70
B1U	0	27	0	1677	1179	110
B1W	0	52	0	1897	1029	45
B1X	2	79	1	2847	255	71
B1Y	0	87	0	1339	231	59
B20	0	108	1	2421	360	97
B21	3	64	0	1330	403	32
B22	0	106	0	1652	305	157
B23	0	68	0	2058	1154	53
B24	0	128	1	2425	536	51
B25	0	68	0	1397	649	107
B26	0	54	0	1699	348	37
B27	0	26	0	411	175	4
B28	0	81	0	1553	850	49
B29	1	45	0	1724	515	33
B2A	0	30	0	1820	1173	58
B2B	0	2	0	86	61	4
B2C	0	24	0	1475	726	87
B2D	0	43	0	962	637	39
B2E	0	49	0	1421	202	57
B2F	0	79	0	1859	607	38
B2G	0	59	0	1625	485	82
B2H	0	69	0	1393	300	97
B2J	0	54	0	1688	983	70
B2K	0	6	0	1134	887	50
B2L	0	30	0	1228	917	76
B2M	0	49	0	1119	856	28
B2N	0	1	0	82	3	0
B2P	0	38	0	1623	860	127
B2S	0	50	0	1707	604	58
B2T	0	64	0	1504	1119	61
B2U	0	39	0	2302	488	41
B2V	0	3	0	121	8	2
B2W	0	77	0	1270	538	72
B2X	0	29	0	813	448	36
B2Y	0	42	0	912	298	56
B30	0	70	0	1636	747	41
B31	0	22	0	1832	507	119
B32	0	121	0	2209	441	46
B33	0	94	0	2021	922	56
B34	0	98	0	1922	333	89
B35	0	43	0	468	84	11
B38	0	37	2	2294	125	26
B39	0	0	0	113	53	2
B3A	0	33	0	484	305	2
B3B	0	8	0	677	455	10
B3C	0	32	0	2604	1556	20
B3D	0	46	0	1621	1228	59
B3F	0	126	0	1305	291	101
B3G	0	101	0	1431	618	42
B3H	0	50	0	1071	332	52
B3J	1	124	1	2570	284	90
B3K	0	75	0	2730	699	50
B71	0	64	0	2068	849	106
B72	0	59	0	2084	866	103
B73	0	77	0	2204	861	103
B74	0	82	0	1799	705	77
B75	0	80	0	2079	771	105
B76	0	54	0	1881	742	112
B77	0	57	1	2133	869	84
B78	0	92	0	2281	916	121
B79	0	25	0	579	292	28
B7A	0	14	0	476	270	42
B7B	0	27	0	611	314	33
B7C	0	73	0	2172	975	101
B7D	0	46	0	1673	607	107
B7E	0	23	0	618	246	37
B7F	0	16	0	740	338	44
B7G	0	70	0	2413	1031	101
B7H	0	71	0	2045	832	79
B7J	0	85	0	2194	825	114
B7K	0	71	0	1841	717	81
B7L	0	97	0	2414	935	101
B7M	0	73	0	1993	867	93
B7N	0	65	0	1980	761	108
BLW	0	137	0	2091	526	70
BLX	0	53	0	1820	437	127
BLY	1	78	0	1607	911	93
BM0	3	60	0	1052	346	64
BM1	0	54	0	1765	609	69
BM2	0	130	0	1334	786	97
BM4	1	90	0	2794	809	79
BM5	0	48	0	1778	422	58
BM6	1	87	0	1633	481	88
BM9	0	69	0	1207	447	56
BMA	0	40	0	1459	1027	124
BMB	0	79	0	2370	853	78
BMC	2	141	0	3036	1144	262
BMD	1	51	1	2051	389	63
BME	0	88	0	1547	1047	84
BMF	0	59	0	1542	419	54
BMG	1	57	1	1652	488	115
BMH	0	32	0	478	355	30
BMJ	0	17	0	474	314	15
BMK	0	24	0	2112	1145	55
BML	0	63	0	1619	751	73
BMM	0	160	1	2105	359	67
BMN	2	49	1	2038	229	97
BMP	0	22	0	919	571	59
BMR	2	90	0	1938	384	88
BMS	2	73	0	2520	117	93
BMT	1	78	0	1596	566	69
BMU	1	100	1	2163	173	89
BMV	0	72	0	1288	560	93
BMW	1	87	2	1923	251	130
BMX	2	84	0	2008	178	86
BMY	0	59	0	1818	659	114
BN1	1	71	1	2113	325	104
BN2	0	52	0	1376	769	128
BN3	0	86	0	2163	371	69
BN4	1	38	0	1887	776	73
BN5	0	18	0	959	154	46
BN6	0	111	0	1660	280	59
BN7	0	57	0	1756	454	61
BN8	0	24	0	1113	860	60
BN9	0	94	0	1774	518	86
BNA	0	100	0	1883	754	38
BNB	0	49	0	1258	405	110
BNC	0	63	0	2094	102	118
BND	0	33	0	1583	558	52
BNE	1	32	0	1102	729	92
BNF	0	86	0	1843	784	53
BNG	0	52	0	2063	427	32
BNH	0	34	0	1001	353	19
BNJ	0	34	0	1498	361	22
BNK	0	60	0	1227	507	30
BNL	1	77	0	2003	534	61
BNM	0	56	0	847	513	57
BNN	0	69	0	1908	642	70
BNP	0	41	0	1155	257	41
BNS	0	44	1	1241	209	33
BNT	0	23	0	1236	257	30
BNU	3	91	0	1976	160	104
BNV	0	59	0	1561	506	88
BNW	0	41	0	1010	644	39
BNX	0	12	0	956	230	16
BNY	0	137	0	1706	414	75
BP0	0	74	0	2341	250	75
BP1	1	72	0	1894	251	79
BP2	0	46	0	777	414	22
BP3	0	11	0	404	50	10
BP4	0	56	0	1467	400	52
BP5	0	32	0	1454	1113	62
BP6	0	8	0	521	106	9
BP7	1	80	0	2232	252	97
BP8	0	54	2	1487	255	45
BP9	2	71	2	1873	301	92
BPA	0	70	0	2403	306	116
BPB	0	62	1	1219	272	23
BPC	0	49	0	1800	450	22
BPD	1	47	2	1823	210	65
BPE	0	13	0	518	165	26
BPF	0	57	0	1921	367	39
BPG	0	63	0	1766	146	31
BPH	0	68	0	1408	582	76
BPJ	0	30	0	940	254	32
BPK	1	75	1	1657	422	73
C85	1	88	2	2779	222	102
C86	0	95	3	3043	207	115
C87	1	66	0	1888	312	78
C88	0	77	0	2097	656	49
C89	0	25	0	1169	314	35
C8A	0	83	0	2232	305	41
C8B	1	50	0	2288	335	65
C8D	0	95	4	2678	396	101
C8E	0	82	0	2162	262	78
C8F	0	28	0	1521	917	86
C8G	0	13	0	464	191	11
C8H	0	19	0	503	191	15
C8J	0	18	0	396	132	10
C8K	0	10	0	364	110	10
C8L	0	119	0	2073	617	49
C8M	0	57	0	1437	557	115
C8N	0	34	0	854	137	19
C8P	0	77	0	1987	182	33
C8R	0	97	0	1501	1051	113
C8S	1	64	0	2080	287	64
C8T	0	88	1	1993	409	145
C8U	0	55	0	1363	301	45
C8V	0	41	0	1837	680	137
C8X	0	6	0	586	27	6
C8Y	0	95	0	1191	505	67
C90	0	58	0	1299	741	95
C91	0	72	3	1916	496	64
C92	0	82	0	1952	556	70
C93	0	120	0	1815	460	63
C94	0	41	0	1180	320	97
C95	0	70	0	2915	630	91
C96	0	90	0	2364	545	87
C97	0	58	0	2506	548	85
C98	1	81	0	2199	284	101
C9A	0	81	0	1639	591	100
C9B	0	21	0	1032	581	46
C9C	0	28	0	848	131	25
C9D	0	23	0	360	141	19
C9E	0	65	0	1646	316	59
C9F	0	44	0	2518	307	69
C9H	0	82	1	2117	596	94
C9J	0	115	1	2384	584	117
C9K	0	113	0	2648	623	128
C9L	0	101	0	2601	561	116
C9M	0	109	1	2890	724	127
C9N	0	120	0	2831	698	117
C9P	0	21	0	944	218	29
C9R	0	107	1	2551	654	105
C9S	0	58	0	1693	863	54
C9U	2	92	0	1611	360	89
C9V	0	70	0	1496	681	61
C9W	2	147	0	1300	436	84
C9X	0	62	0	1985	350	38
C9Y	0	391	0	2763	322	80
CA0	0	67	0	2162	144	104
CA1	1	38	0	1856	547	61
CA2	0	55	13	1348	367	48
CA3	0	40	1	1908	158	59
CA4	0	9	0	1167	578	35
CA5	0	74	0	2225	505	76
CA6	0	89	0	1546	251	77
CA7	0	66	0	1866	452	70
CA8	1	64	0	1458	257	87
CA9	0	96	5	1902	310	65
CAA	1	15	0	355	97	7
CAB	1	55	0	2646	156	76
CAC	0	51	0	2016	257	52
CAD	0	119	1	2938	503	98
CAE	0	71	1	2319	424	88
CAF	0	83	0	2053	712	83
CAG	0	70	0	2195	826	113
CAH	0	72	0	2048	863	88
CAJ	0	77	0	1841	749	80
CAK	0	55	0	1443	539	54
CAL	0	56	0	1825	726	93
CAM	0	78	1	2112	303	64
CAN	0	55	0	1317	907	60
CAP	0	102	0	2166	903	65
CAR	0	111	0	1774	653	49
CAS	0	25	0	1145	201	37
CAT	0	32	1	1081	227	49
CAU	1	72	0	1675	501	107
CAV	0	9	0	489	15	2
CAW	0	78	0	1399	632	64
CAX	0	1	0	80	4	1
CAY	0	18	0	844	271	44
CB0	0	24	0	1434	81	33
CB1	0	39	0	1061	651	131
CB2	0	71	1	1651	423	76
CB3	0	48	1	1511	431	69
CB4	2	77	1	1691	379	53
CB5	1	100	0	2250	245	100
CB6	0	39	0	1460	614	131
CB8	0	131	0	3047	602	99
CB9	0	45	0	1420	632	59
CBA	0	65	0	1887	958	101
CBB	0	38	0	794	302	40
CBC	1	497	3	13081	2442	376
CBD	0	30	0	1237	279	31
CBE	2	76	0	2652	418	59
CBF	2	407	0	13424	2385	366
CBG	0	472	2	11272	2034	437
CBH	0	28	0	836	487	42
CBJ	0	97	0	1115	333	127
CBK	0	70	0	1779	613	81
CBL	0	5	0	2584	835	106
CBM	1	23	0	790	250	24
CBN	0	89	0	2189	505	118
CBP	0	86	0	1513	555	64
CBR	0	31	0	1730	1006	62
CBT	0	152	0	3431	1584	116
CBU	0	159	0	4631	2373	210
CBV	0	132	0	3884	1902	160
CBW	0	136	0	3951	1965	163
CBX	0	171	3	4084	1970	135
CBY	0	130	0	4254	2173	127
CC0	0	28	1	1082	309	29
CC1	0	11	0	229	49	6
CC2	0	3	0	170	40	5
CC3	0	8	0	266	70	8
CC4	0	10	0	149	21	2
CC5	0	9	0	250	44	8
CC6	0	15	0	250	36	5
CC7	0	22	0	424	77	10
CC8	0	9	0	232	35	3
CC9	0	20	0	427	100	10
CCA	0	16	0	554	73	33
CCB	0	49	0	1621	652	123
CCC	0	81	0	1868	787	63
CCD	0	96	0	2163	381	81
CCE	1	53	0	1775	823	124
CCF	0	17	0	424	157	9
CCG	0	16	0	420	111	10
CCH	0	14	0	455	133	11
CCJ	0	14	0	343	97	11
CCK	0	64	0	1524	674	111
CCL	1	72	0	1783	836	54
CCM	0	84	0	2141	221	80
CCN	0	94	1	1781	604	68
CCP	0	38	0	1388	280	60
CCR	0	43	0	1189	721	58
CCS	0	56	0	1188	419	72
CCT	0	38	0	1384	725	127
CCU	0	50	0	1523	923	19
CCV	0	47	0	1699	829	61
CCW	1	56	2	1890	304	78
CCX	0	34	0	1732	378	54
CCY	0	31	0	1453	292	54
CD0	0	49	0	979	322	31
CD2	0	103	0	2116	221	100
CD3	0	68	0	1280	466	104
CD4	0	22	0	510	259	19
CD5	0	71	1	1999	405	81
CD6	0	61	2	1742	344	67
CD8	0	72	0	1721	329	122
CD9	1	101	0	1537	370	89
CDA	0	66	4	2532	528	124
CDB	0	85	2	1786	213	92
CDC	1	74	0	1577	513	96
CDD	0	38	0	1201	622	41
CDE	1	116	0	1910	323	150
CDF	0	44	0	2067	900	94
CDG	1	100	1	1914	241	59
CDH	0	16	0	633	118	10
CDJ	0	21	0	745	151	9
CDK	0	102	0	1950	424	28
CDM	3	90	3	2309	136	87
CDN	2	82	2	1884	320	96
CDP	0	58	0	1626	888	37
CDR	0	68	0	2471	339	70
CDS	0	112	0	1252	374	51
CDT	2	44	0	1075	191	62
CDU	0	115	0	1703	880	119
CDV	0	74	0	1475	486	108
CDW	0	48	0	1557	895	66
CDX	4	100	1	2453	322	77
CDY	0	74	0	2379	154	35
CE0	0	5	0	479	9	3
CE1	0	73	0	1667	797	64
CE2	4	54	0	1960	736	52
CE4	0	54	0	1333	258	80
CE5	1	68	0	2582	355	113
CE6	0	2	0	479	45	5
CE7	0	45	0	1547	959	81
CE8	0	61	0	1561	939	67
CE9	1	104	1	1762	428	74
CEB	1	61	1	2285	222	73
CEC	0	77	0	2512	368	89
CED	0	13	0	394	252	16
CEE	0	104	0	1382	536	116
CEF	0	69	0	2101	781	25
CEG	0	63	0	1440	451	127
CEH	1	91	2	2420	172	95
CEJ	0	93	0	2595	611	72
CEK	1	245	0	6839	1397	219
CEL	0	25	0	1234	260	35
CEM	0	66	0	2459	438	80
CEN	0	178	0	7020	1358	198
CEP	1	403	4	9605	1654	328
CER	0	106	0	1541	702	97
CES	0	145	0	1815	388	124
CET	0	117	0	1730	661	110
CEU	2	90	2	2732	132	84
CEV	0	15	0	549	22	8
CEW	0	57	0	1080	339	58
CEX	0	72	0	2292	273	127
CEY	0	80	0	2372	310	118
CF4	0	114	0	1777	673	87
CF5	0	5	0	200	56	2
CF6	0	10	0	300	89	10
CF7	0	0	0	23	11	1
CF8	0	18	0	642	222	22
CF9	0	87	0	2059	376	75
CFA	0	1	0	102	27	4
CFB	0	49	0	1388	478	47
CFC	1	55	0	2067	651	48
CFD	0	4	0	342	212	16
CFE	0	48	0	1584	858	61
CFF	0	70	0	1538	653	101
CFG	0	6	0	351	185	10
CFH	0	16	0	808	392	31
CFJ	1	47	0	1228	56	22
CFK	0	48	0	1459	834	79
CFL	0	25	0	1136	312	35
CFM	0	15	0	363	107	5
CFN	0	10	1	528	181	13
CFP	0	14	0	495	177	16
CFR	0	41	0	1422	369	44
CFS	0	73	1	2637	479	88
CFT	0	80	0	4170	1124	109
CFU	0	4	0	439	151	7
CFV	0	48	0	2123	789	49
CFW	0	31	0	1678	1006	31
CFX	0	54	0	1152	610	84
CFY	1	83	1	1732	216	111
CG0	0	55	0	1638	934	67
CG1	0	42	0	1412	414	44
CG2	0	51	0	1563	404	69
CG3	0	65	0	1848	369	51
CG5	0	31	0	1599	341	42
CG6	0	54	0	1427	966	69
CG7	0	1	0	25	12	4
CG8	0	2	0	200	104	3
CG9	0	18	1	644	333	24
CGA	0	8	0	591	306	8
CGB	4	71	0	1926	399	37
CGC	0	97	0	1925	366	50
CGD	0	92	0	1800	866	44
CGE	0	71	0	2371	757	77
CGF	0	32	0	1544	722	66
CGH	0	64	0	2453	630	97
CGJ	0	65	1	1422	512	62
CGL	0	106	0	1832	545	70
CGM	0	12	0	653	127	11
CGN	0	11	0	643	121	13
CGP	0	17	0	710	127	7
CGS	0	147	0	2190	609	62
CGT	0	97	0	1802	688	48
CGU	0	65	14	1364	320	44
CGV	1	69	0	1312	241	67
CGW	2	59	3	1303	294	53
CGX	0	79	0	1464	375	64
CGY	0	27	0	1390	894	63
CH0	0	67	7	2658	273	61
CH1	1	277	2	8612	1254	246
CH2	4	269	0	11656	1652	269
CH3	0	249	2	6373	833	229
CH4	2	75	1	2326	133	80
CH5	1	160	0	4834	613	102
CH6	0	173	0	8395	1111	184
CH7	2	168	0	4558	633	154
CH8	0	126	1	1816	216	54
CH9	0	17	0	370	15	10
CHA	0	140	0	4005	761	139
CHB	0	92	0	2303	436	80
CHC	0	15	0	1136	829	97
CHE	0	127	1	1823	215	74
CHF	0	55	0	1751	892	76
CHG	1	67	0	2016	273	130
CHH	1	55	0	1548	303	42
CHJ	0	38	0	1285	273	24
CHK	0	21	1	1627	307	41
CHL	0	29	0	1096	669	113
CHP	0	20	0	687	143	20
CHR	0	13	0	1013	35	16
CHS	0	77	0	1759	1049	54
CHT	0	76	0	1549	872	45
CHU	0	81	0	1730	590	56
CHV	0	78	0	1493	461	69
CHW	0	60	0	1521	392	66
CJ1	0	28	0	1432	757	81
CJ2	0	17	0	681	400	50
CJ3	1	78	0	1910	453	111
CJ4	0	9	0	458	183	19
CJ5	0	13	0	375	142	15
CJ6	0	24	0	447	210	17
CJ7	0	15	0	456	159	22
CJ8	0	14	0	350	150	12
CJ9	0	58	0	2446	778	50
CJA	1	64	2	2662	245	56
CJB	0	22	0	608	214	36
CJC	0	37	0	691	241	28
CJD	1	61	0	1178	349	111
CJE	0	65	0	1437	386	31
CJF	0	71	1	2082	329	136
CJG	0	45	0	1383	803	65
CJH	0	22	0	1118	294	80
CJJ	0	38	1	2406	413	123
CJK	0	26	0	2261	443	63
CJM	0	5	0	329	184	3
CJN	0	2	0	292	157	7
CJP	0	24	0	774	320	25
CJR	0	8	0	728	312	19
CJS	0	14	0	612	321	20
CJT	0	43	0	2116	313	62
CJU	0	9	0	1564	914	6
CJX	0	113	0	2287	201	121
CK0	0	68	0	2501	191	76
CK1	0	24	0	1567	801	75
CK2	0	51	0	1817	319	131
CK3	1	37	0	1255	290	46
CK4	0	117	0	2911	512	94
CK5	0	104	0	2856	465	97
CK6	0	97	0	2571	486	92
CK9	0	94	1	1827	151	95
CKA	0	77	0	1558	410	65
CKB	1	99	1	2664	274	110
CKC	0	92	1	2746	411	105
CKD	1	80	0	1989	241	80
CKE	1	62	0	2660	188	75
CKF	1	90	2	2087	146	92
CKG	0	12	0	363	145	17
CKH	1	20	0	517	211	16
CKJ	0	12	0	266	77	9
CKK	0	10	0	397	158	9
CKL	0	67	0	1063	294	35
CKM	0	53	0	986	289	38
CKN	0	46	0	1264	542	103
CKP	0	79	0	1367	902	95
CKR	0	75	0	1499	797	125
CKS	0	91	0	1343	616	63
CKT	0	38	0	1388	632	71
CKU	0	50	0	1697	855	69
CKV	0	27	0	1132	594	36
CKW	0	58	0	1706	770	70
CKX	0	47	0	1551	687	59
CKY	0	68	0	2360	1044	80
CL0	0	34	0	1157	348	44
CL1	0	82	0	1584	686	101
CL2	1	120	1	1943	362	67
CL4	0	20	0	477	180	6
CL5	0	14	0	525	238	8
CL6	0	62	0	1223	733	108
CL7	1	48	0	1217	289	62
CL8	0	16	0	278	153	6
CL9	0	11	0	216	115	7
CLA	0	22	0	318	141	10
CLB	0	8	1	234	122	7
CLC	0	15	0	325	181	4
CLD	1	95	0	2497	378	50
CLE	0	28	0	1165	918	89
CLG	0	31	0	1542	373	56
CLH	0	62	0	1624	884	103
CLK	2	66	0	1962	364	100
CLL	0	44	0	2904	1020	38
CLM	0	29	0	971	658	78
CLN	0	46	0	1214	874	75
CLP	0	46	0	1721	1059	88
CLR	0	49	0	1344	923	109
CLS	1	53	0	1005	540	93
CLT	0	53	0	2398	528	83
CLU	0	64	0	1794	630	63
CLV	0	82	0	1633	440	58
CLW	0	34	0	1401	972	91
CLX	0	48	0	1605	541	118
CLY	0	55	0	1719	882	53
CM0	0	81	0	1468	758	93
CM1	0	73	0	2218	339	69
CM2	0	22	0	1342	863	68
CM4	0	43	0	2672	434	148
CM5	0	52	0	1547	739	76
CM6	0	39	0	1636	841	129
CM8	0	26	0	1611	811	139
CM9	0	48	0	1492	512	47
CMA	0	49	0	1433	921	82
CMB	0	49	0	1588	929	75
CMC	0	41	0	2143	373	95
CMD	1	61	0	1708	286	42
CME	0	34	1	1499	283	34
CMF	0	56	0	1420	619	56
CMG	0	75	0	1433	624	51
CMH	0	46	0	1590	877	80
CMJ	1	27	0	1529	190	56
CMK	0	59	0	1767	835	85
CML	0	83	2	2504	294	72
CMM	0	90	0	1463	454	97
CMN	1	29	0	1445	928	93
CMP	0	42	2	2273	229	74
CMR	0	27	0	1989	1122	50
CMS	0	41	0	1369	632	73
CMT	0	53	0	1375	800	68
CMU	0	44	0	1655	1072	69
CMW	0	9	0	459	201	5
CMX	0	13	0	500	231	21
CMY	0	21	0	499	289	14
CN0	0	8	0	347	166	3
CN1	0	52	0	2373	462	65
CN2	0	117	0	1381	834	86
CN3	0	64	0	3018	385	38
CN4	0	43	0	1013	328	46
CN5	0	48	0	1454	1065	69
CN6	0	38	0	1239	726	66
CN9	0	39	0	1294	864	61
CNA	0	39	0	592	301	31
CNC	0	16	0	248	113	5
CND	0	16	0	305	155	5
CNE	0	11	0	240	120	8
CNF	0	18	0	337	168	7
CNG	0	14	0	322	141	10
CNH	0	11	0	233	119	5
CNJ	0	18	0	333	161	2
CNK	0	9	1	245	127	12
CNL	0	11	0	341	173	6
CNM	0	20	0	320	173	13
CNN	0	8	0	222	111	7
CNP	0	11	0	354	167	10
CNR	0	8	0	238	111	9
CNS	0	10	0	335	182	15
CNT	0	9	0	339	176	6
CNU	0	3	0	246	128	7
CNV	0	12	0	316	167	1
CNW	0	10	0	241	121	4
CNX	0	21	0	326	154	6
CNY	0	10	0	311	145	10
CP0	0	10	0	231	108	6
CP1	0	10	0	282	147	5
CP2	0	14	0	244	114	8
CP3	0	17	0	312	158	7
CP4	0	10	0	343	169	8
CP5	0	14	0	258	127	6
CP6	0	23	0	335	142	9
CP7	0	15	0	261	124	8
CP8	0	10	0	355	166	7
CP9	0	11	0	234	115	5
CPA	0	14	0	309	174	6
CPB	0	22	0	344	183	8
CPC	0	20	0	321	180	12
CPD	0	8	0	230	112	3
CPE	0	18	0	336	161	8
CPF	0	15	0	236	109	6
CPG	0	28	0	323	130	9
CPH	0	21	0	333	165	10
CPJ	0	12	0	214	96	5
CPK	0	19	0	334	137	6
CPL	0	11	0	250	127	6
CPM	0	22	0	319	143	7
CPN	0	14	0	333	151	8
CPP	0	19	0	242	92	7
CPR	0	18	0	337	161	7
CPS	0	16	0	344	149	8
CPT	0	23	0	355	178	12
CPU	0	21	0	276	117	9
CPV	0	19	0	333	140	7
CPW	0	5	0	274	125	8
CPX	0	14	0	315	157	11
CPY	0	8	0	251	105	15
CR0	0	14	0	330	154	8
CR1	0	9	0	244	123	9
CR2	0	7	0	322	154	11
CR3	0	12	0	337	184	6
CR4	1	26	0	1018	491	34
CR5	0	19	0	1010	528	23
CR6	2	62	0	2916	178	59
CR7	0	83	0	3234	1237	174
CR8	0	83	0	2963	1031	141
CR9	0	86	0	3160	1196	151
CRA	0	73	0	3130	1104	153
CRB	0	124	0	3698	1282	189
CRC	1	102	0	3807	1362	169
CRD	0	60	0	1192	896	118
CRE	1	122	1	2172	401	106
CRF	0	94	0	1211	653	59
CRJ	2	65	0	1405	290	137
CRK	0	58	0	1453	719	141
CRM	0	279	0	11128	6247	417
CRP	0	37	0	550	163	22
CRR	0	41	0	945	653	65
CRS	0	65	0	1763	932	46
CRT	0	84	0	1478	773	102
CRU	0	38	0	1120	705	77
CRV	0	64	0	1236	580	103
CRW	0	39	0	1577	863	59
CRX	0	33	0	1415	962	88
CRY	0	112	0	2010	832	104
CS0	0	35	1	1455	746	57
CS1	0	51	0	1592	542	118
CS2	0	26	0	1286	739	130
CS3	0	25	0	1505	1003	91
CS4	0	62	1	1877	365	92
CS5	0	66	0	1054	550	100
CS6	0	22	0	1185	759	63
CS7	0	27	0	1339	877	56
CS8	0	8	0	286	149	6
CS9	0	6	0	272	134	4
CSA	0	8	0	424	185	5
CSB	0	9	0	395	198	10
CSC	0	20	0	422	231	15
CSD	0	13	0	436	191	11
CSE	0	8	0	422	184	11
CSF	0	5	0	390	194	7
CSG	0	10	0	440	222	8
CSH	0	7	0	434	191	9
CSJ	0	4	0	443	196	11
CSK	0	9	0	465	204	10
CSL	0	9	0	482	248	23
CSM	0	10	0	429	211	6
CSN	0	9	0	317	161	8
CSP	0	15	0	435	197	14
CSR	0	12	0	333	141	2
CSS	0	12	0	435	163	11
CST	0	6	0	434	193	7
CSU	0	18	0	421	189	18
CSV	0	12	0	498	194	15
CSW	0	4	0	428	200	7
CSX	0	12	0	457	226	13
CSY	0	8	0	431	206	11
CT0	0	14	0	422	215	15
CT1	0	8	0	360	171	7
CT2	0	10	0	404	191	10
CT3	0	15	0	470	243	10
CT4	0	13	0	514	227	8
CT5	0	10	0	466	220	9
CT6	0	10	0	431	226	14
CT7	0	14	0	495	230	10
CT8	0	6	0	280	142	6
CT9	0	9	0	272	149	12
CTA	0	11	0	376	192	8
CTB	0	9	0	291	148	11
CTC	0	9	0	386	206	15
CTD	0	16	0	408	203	9
CTE	0	9	0	326	148	8
CTF	0	14	0	292	142	6
CTG	0	12	0	392	202	6
CTH	0	10	0	432	227	10
CTJ	0	11	0	402	215	11
CTK	0	13	0	396	217	15
CTL	0	8	1	323	159	8
CTM	0	9	0	315	148	7
CTN	0	14	0	407	197	10
CTP	0	9	0	274	132	10
CTR	0	11	0	407	225	11
CTS	0	15	0	281	152	3
CTT	0	7	0	321	155	6
CTU	0	8	1	304	147	10
CTV	0	6	0	273	125	7
CTW	0	55	0	1271	597	218
CTX	0	78	12	2673	700	88
CTY	1	74	0	1317	915	103
CU0	0	72	0	1498	297	78
CU1	0	72	0	1699	375	115
D8Y	0	16	0	347	74	7
D90	0	6	0	227	31	9
D91	0	33	0	514	175	15
D92	0	3	0	16	8	0
D94	0	1	0	13	1	0
D95	0	22	0	380	135	15
D96	0	1	0	30	10	0
D97	0	20	0	1012	118	23
DCH	0	43	0	546	95	18
DCJ	0	3	0	282	92	6
DCK	0	3	0	131	43	7
E9N	0	6	0	394	109	12
E9P	0	42	0	1171	342	30
E9R	0	44	0	1173	376	35
E9S	0	22	0	771	243	16
E9T	0	36	0	947	241	32
E9U	1	18	0	981	234	31
E9V	0	37	0	1201	628	88
E9W	1	29	0	1162	348	30
E9X	0	13	0	1090	614	11
E9Y	0	46	0	1109	326	23
EA0	0	73	0	1932	1109	78
EA1	0	64	0	1320	758	72
EA2	0	31	0	1607	861	70
EA3	0	27	0	1170	815	72
EA4	0	30	0	1077	505	30
EA5	1	89	1	1978	179	61
EA6	0	44	0	1667	1002	87
EA7	0	33	0	871	470	49
EA8	1	81	0	1111	596	116
EA9	0	80	0	2431	993	48
EAA	0	76	0	2313	1175	65
EAJ	0	22	0	1644	1021	80
EAK	0	57	0	1288	641	75
EAM	0	0	0	283	140	2
EAP	0	1	0	457	174	13
EAR	0	12	0	373	61	1
EAS	0	12	0	214	122	3
EAT	0	17	0	643	337	17
EAU	0	76	0	731	293	26
EAW	0	89	0	1862	360	177
EAX	0	30	0	1248	912	85
EAY	0	45	0	1542	855	91
EB1	0	104	0	1776	612	46
EB2	0	20	0	1402	893	77
EB3	0	87	0	1685	343	122
EB6	0	78	2	1974	371	67
EB7	0	56	0	1578	674	117
EB8	0	7	0	314	173	4
EB9	0	12	0	566	336	14
EBA	0	7	0	377	238	12
EBB	0	6	0	348	183	4
EBC	0	8	0	306	183	3
EBD	0	8	0	339	203	6
EBE	0	7	0	296	169	4
EBF	0	5	0	343	199	2
EBG	0	8	0	336	183	4
EBH	0	4	0	350	165	4
EBJ	0	6	0	306	175	7
EBK	0	6	0	306	175	7
EBL	0	4	0	53	24	0
EBM	0	35	0	1275	936	88
EBN	0	50	0	1133	387	24
EBP	0	34	0	1242	544	72
EBR	0	100	0	2056	906	95
EBS	0	71	0	2465	1280	116
EBT	0	82	0	2658	1307	133
EBU	0	95	0	2585	1102	110
EBV	0	78	0	2560	1239	117
EBW	0	59	1	2071	914	69
EBX	0	60	0	1936	948	75
EBY	0	17	0	534	162	25
EC0	0	6	0	112	56	4
EC1	0	0	0	105	60	3
EC2	0	12	0	345	145	10
EC3	0	62	0	1525	1103	82
EC4	0	43	0	1144	266	16
EC5	0	22	0	595	297	14
EC7	0	85	0	2050	1127	80
EC8	0	66	0	1272	564	105
EC9	0	17	0	800	232	19
ECB	0	63	0	1595	816	121
ECD	0	46	0	1844	1180	88
ECE	0	51	0	2242	1278	73
ECF	2	107	0	4918	1077	70
ECG	0	45	0	1494	331	60
ECH	1	43	1	1271	318	61
ECJ	0	31	0	1634	364	54
ECK	0	71	0	2058	323	82
ECL	0	3	0	375	65	9
ECM	0	86	0	1770	382	58
ECN	1	57	0	1560	605	57
ECR	1	24	0	667	122	40
ECS	0	14	0	1991	361	16
ECT	1	142	0	3121	575	120
ECU	0	106	0	3026	559	112
ECV	0	27	0	1559	860	102
ECX	0	66	0	1599	462	90
ECY	0	57	0	1741	963	74
ED0	0	46	0	560	194	17
ED1	0	13	0	770	196	22
ED2	0	36	0	761	83	41
ED3	0	76	0	2122	429	70
ED4	0	88	1	3128	453	79
ED5	0	40	0	1882	1423	61
ED6	1	129	0	3535	1349	253
ED7	0	126	1	2969	778	133
ED9	2	112	0	3464	857	140
EDA	0	68	0	1556	562	81
EDB	0	6	0	188	32	1
EDC	0	159	1	1757	649	104
EDD	0	14	0	1493	854	90
EDE	1	91	1	1183	634	93
EDF	0	87	0	1447	657	90
EDG	0	52	0	2539	411	49
EDH	0	40	0	1540	996	84
EDJ	0	96	0	1887	245	85
EDK	0	74	0	1801	1139	139
EDL	0	39	0	1548	1174	88
EDN	1	78	0	1946	274	99
EDP	0	39	0	1592	958	48
EDR	0	37	0	882	353	43
EDT	0	72	0	2182	820	116
EDU	0	54	0	1795	769	77
EDY	0	132	0	2021	875	119
EE0	0	79	0	1602	602	41
EE1	0	28	0	1011	382	46
EE2	0	49	0	1734	1127	93
EE5	0	74	0	1456	332	57
EE6	0	14	0	405	183	15
EE7	0	8	0	511	233	13
EE8	0	45	0	1433	780	45
EE9	0	53	0	1444	928	116
EEA	0	9	0	520	124	10
EEB	0	72	0	2159	849	61
EEC	0	90	0	1546	1036	69
EED	0	16	0	433	106	14
EEE	0	37	0	1532	740	107
EEF	0	33	0	1818	1072	86
EEG	0	10	0	339	137	2
EEH	0	20	0	850	583	48
EEJ	0	26	0	901	246	26
EEK	0	57	0	945	543	69
EEL	0	45	0	907	407	25
EEM	0	23	0	1497	861	73
EEN	0	32	0	1299	877	61
EER	0	57	0	1398	407	40
EES	0	24	0	2040	1147	88
EET	0	42	0	2449	423	31
EEV	0	26	0	466	158	23
EEW	0	72	0	1636	121	65
EEX	0	11	0	508	88	23
EEY	0	41	0	1196	516	84
EF0	0	48	0	1603	803	43
EF1	0	67	0	2163	243	73
EF2	1	71	0	1369	419	68
EF3	0	17	0	1619	1274	55
EF4	0	49	0	1214	820	103
EF5	0	16	0	617	251	36
EF6	0	36	0	1281	736	75
EF8	0	35	0	1564	833	62
EF9	0	12	0	222	74	7
EFA	0	73	0	873	595	95
EFC	0	29	0	1490	386	19
EFD	0	31	0	1584	945	51
EFE	0	9	0	478	154	6
EFF	1	70	0	2227	627	115
EFG	0	78	0	2052	266	43
EFH	0	62	1	1782	448	64
EFJ	1	79	3	2327	75	97
EFN	0	90	0	2115	862	208
EFP	0	56	0	1072	339	62
EFR	0	78	1	2103	425	148
EFS	0	26	0	256	80	14
EFT	1	62	0	2196	721	76
EFU	1	64	0	1813	367	87
EFV	0	59	0	1646	409	87
EFW	3	116	0	1782	464	139
EFX	0	105	0	1390	585	131
EG0	1	70	0	1993	602	104
EUR	0	42	0	880	85	34
EUS	0	42	0	1523	1114	57
EUU	0	84	1	2164	544	94
EUW	0	40	0	890	539	43
EUX	0	3	0	288	116	21
EUY	0	20	1	565	91	26
EV1	0	78	0	1721	209	69
EV3	0	71	0	1493	946	77
EV4	0	59	0	1737	839	86
EV5	0	65	0	1440	696	15
EV6	0	43	0	1524	775	51
EV8	0	30	1	655	254	29
EV9	0	25	0	1315	667	49
EVA	0	86	0	1518	729	128
EVB	0	32	0	873	169	31
EVC	1	88	1	2263	222	51
EVF	0	67	0	1730	855	54
EVG	0	84	2	2056	315	127
EVH	0	56	0	1397	404	62
EVJ	0	89	0	1430	580	138
EVK	0	53	0	1774	1055	51
EVM	0	31	0	1167	638	9
EVN	2	77	0	1418	253	47
EVP	0	35	0	1286	775	115
EVR	0	19	0	481	174	13
EVS	0	61	0	1804	930	98
EVV	0	49	0	1773	969	84
EVW	0	4	0	1150	539	59
EVX	0	26	0	1474	829	93
EVY	0	84	0	906	564	26
EW1	0	72	0	1424	855	143
EW4	0	17	0	1181	528	90
EW5	0	125	0	2498	830	60
EW6	0	45	5	1482	781	66
EW7	0	66	0	1254	833	94
EW8	0	69	0	1610	876	120
EW9	1	76	0	1506	621	83
EWA	0	45	6	1646	845	100
EWB	2	42	0	833	112	29
EWC	7	92	0	2505	196	96
EWF	0	2	0	85	13	4
EWG	0	45	0	1843	964	71
EWH	0	72	1	1502	231	74
EWM	0	11	0	260	80	16
EWR	0	60	0	1328	953	111
EWS	0	27	0	468	211	8
EWW	0	22	0	1556	792	86
EWX	0	39	0	853	439	34
EX0	0	32	0	1435	548	106
EX1	0	33	0	635	110	28
EX2	0	18	0	1346	697	69
EX4	0	3	0	130	16	3
EX5	1	131	0	2199	743	57
EX6	0	71	0	1772	687	60
EX7	0	7	0	236	53	8
EX8	0	18	0	523	294	18
F71	0	7	0	119	37	7
F72	0	19	0	513	25	11
F73	0	0	0	14	1	0
F74	0	1	0	37	3	3
F75	0	0	0	32	1	1
F76	0	0	0	24	1	0
F77	0	20	0	335	28	8
F78	0	0	0	2	0	0
F7A	0	43	0	696	185	16
F7C	0	38	0	696	106	19
F7E	0	7	0	203	27	5
F7F	0	29	0	820	234	22
F7G	0	4	0	342	71	7
F7J	0	45	0	503	129	10
F7K	0	0	0	55	1	1
F7L	0	3	0	184	38	3
F7M	0	5	0	78	8	1
F7N	0	2	0	134	4	2
F7R	0	20	0	268	56	7
F7S	0	0	0	34	1	0
F7T	0	12	0	365	190	12
F7U	0	10	0	600	88	12
F7V	0	25	0	494	261	20
F7W	0	18	0	310	82	6
F7X	0	13	0	307	77	2
F7Y	0	18	0	168	35	9
F81	0	13	0	348	31	12
F82	0	11	0	123	43	8
F84	0	7	0	69	29	2
F85	0	11	0	389	200	13
F86	0	19	0	346	168	7
F87	0	5	0	134	45	3
F88	0	23	0	412	91	14
F89	0	4	0	59	18	3
F8A	0	14	0	238	32	1
F8B	0	8	0	213	71	10
F8C	0	9	0	150	36	9
F8D	0	27	0	284	50	9
F8E	0	10	0	202	111	3
F8F	0	0	0	33	2	0
F8G	0	8	0	139	47	3
F8H	0	12	0	95	36	10
F8J	0	10	0	94	24	3
F8L	0	13	1	487	96	12
F8M	0	9	0	373	51	2
F8N	0	8	0	122	67	7
F8P	0	14	0	180	36	11
F8R	0	37	0	627	203	25
F8S	0	9	0	167	64	17
F8U	0	21	1	545	87	6
F98	0	9	0	217	124	14
F99	0	68	0	2189	123	125
F9A	0	51	0	1039	551	48
F9B	0	54	0	1789	1034	72
F9C	1	70	0	2351	304	104
F9D	0	80	0	1638	639	98
F9F	0	98	0	1959	315	146
F9G	0	36	0	1685	1149	87
F9H	3	68	2	2410	259	51
F9J	0	44	0	1348	469	32
F9K	0	15	0	1641	860	95
F9L	0	41	0	1157	694	140
F9M	0	22	1	1074	74	2
F9P	0	39	0	1613	976	89
F9R	1	108	1	2141	214	108
F9S	0	64	0	1927	1075	152
F9T	1	71	1	2073	795	68
F9U	0	97	0	1697	589	85
F9V	0	101	0	1549	761	75
F9W	0	35	1	1911	837	68
F9X	0	69	0	3279	430	163
F9Y	0	129	0	1809	677	134
FA0	0	51	0	1757	1156	62
FA1	0	77	0	1677	1031	67
FA2	0	60	0	1165	257	121
FA3	0	37	0	1632	949	107
FA4	0	9	0	378	167	12
FA6	0	52	0	1389	749	82
FA8	0	55	0	1868	1239	59
FA9	0	43	0	1906	1032	75
FAB	0	92	1	3022	163	67
FAC	0	20	0	1927	885	153
FAD	0	45	0	1309	834	61
FAE	0	52	0	1282	574	146
FAF	0	69	0	1670	950	97
FAG	0	103	0	2031	521	185
FAH	0	135	0	2032	1180	73
FAJ	2	63	0	2573	425	89
FAK	0	37	0	1304	974	124
FAM	0	63	0	1556	1125	68
FAN	1	47	0	2263	863	96
FAP	1	123	1	2965	281	39
FAS	0	20	1	1068	34	14
FAT	0	94	1	2342	399	97
FAU	0	30	0	1958	949	57
FAV	0	52	0	1750	1191	53
FAW	0	28	0	954	605	74
FAY	0	28	0	1519	971	62
FB0	0	63	2	1717	361	85
FB1	0	36	0	1819	1166	85
FB2	0	34	0	1669	1140	140
FB3	0	73	0	1187	783	82
FB4	0	29	0	686	375	63
FB5	0	40	0	1242	970	93
FB6	0	22	0	1997	1122	76
FB7	0	20	0	1413	874	82
FB8	0	47	0	738	331	96
FB9	1	47	0	2113	293	98
FBA	0	99	0	1449	556	108
FBB	0	62	0	1237	516	66
FBC	0	52	0	1428	871	102
FBD	0	32	0	1256	594	67
FBE	0	67	0	1756	1048	66
FBF	0	16	0	532	303	17
FBG	1	28	0	1675	90	30
FBH	0	41	0	1393	840	32
FBJ	0	36	0	1130	595	54
FBK	0	29	0	1313	769	59
FBL	0	145	0	3121	598	108
FBM	0	154	1	3793	753	139
FBN	0	84	0	2748	625	104
FBP	0	38	0	1229	682	54
FBR	0	26	0	479	166	31
FBS	0	7	0	131	77	3
FBT	0	15	0	241	128	8
FBU	0	6	0	137	98	3
FBV	0	35	0	713	497	34
FBW	0	18	0	384	258	23
FBX	0	16	0	221	121	10
FBY	0	2	0	264	160	7
FC0	0	3	0	97	58	1
FC1	0	1	0	75	50	4
FC2	0	15	0	153	117	8
FC3	0	2	0	90	35	7
FC4	0	4	0	304	206	13
FC5	0	9	0	292	165	12
FC6	0	14	0	375	245	8
FC7	0	5	0	110	77	9
FC8	0	9	0	80	45	7
FC9	0	4	0	90	48	0
FCA	0	4	0	190	129	14
FCB	0	9	0	201	99	12
FCC	0	7	0	234	123	7
FCD	0	0	0	198	135	2
FCE	0	11	0	358	211	13
FCF	0	3	0	101	47	4
FCG	0	5	0	101	62	4
FCH	0	11	0	183	94	9
FCJ	0	21	0	952	683	54
FCK	0	12	0	382	265	21
FCL	0	30	0	1115	760	35
FCM	0	5	0	153	115	5
FCN	0	7	0	137	80	2
FCP	0	6	0	169	92	10
FCR	0	4	0	456	224	14
FCS	0	8	0	391	224	21
FCT	0	11	0	205	87	6
FCU	0	2	0	113	71	3
FCV	0	2	0	117	75	4
FCW	0	6	0	259	177	10
FCX	0	13	0	213	120	10
FCY	0	3	0	145	64	9
FD0	0	1	0	202	128	8
FD1	0	28	0	689	431	19
FD2	0	9	0	246	120	1
FD3	0	14	0	1042	533	27
FD4	0	24	0	300	157	11
FD5	0	14	0	173	105	7
FD6	0	1	0	172	82	4
FD7	0	11	0	477	275	17
FD8	0	28	0	322	209	19
FD9	0	3	0	248	194	10
FDA	0	2	0	411	255	16
FDB	0	3	0	280	197	7
FDC	0	11	0	483	332	35
FDD	0	26	0	511	271	14
FDE	0	1	0	48	28	1
FDF	0	2	0	98	72	3
FDG	0	9	0	276	132	11
FDH	0	2	0	250	171	5
FDJ	0	7	0	158	74	7
FDK	0	3	0	216	125	7
FDL	0	11	0	221	134	4
FDM	0	6	0	159	109	3
FDN	0	2	0	208	147	10
FDP	0	2	0	397	315	16
FDR	0	6	0	232	166	15
FDS	0	6	0	162	80	9
FDT	0	2	0	178	79	1
FDU	0	8	0	257	162	5
FDV	0	33	0	757	420	24
FDW	0	15	0	268	162	14
FDX	0	3	0	108	52	4
FDY	0	1	0	167	105	7
FE0	0	2	0	149	79	4
FE1	0	14	0	691	422	41
FE2	0	20	0	844	545	38
FE3	0	8	0	437	281	11
FE5	0	44	0	954	439	48
FE6	0	47	0	1823	1071	99
FEB	0	68	0	1697	347	75
FED	0	66	0	1375	881	82
FEE	1	104	1	2176	240	121
FEF	0	44	0	1322	593	44
FEH	0	41	0	1733	342	21
FEJ	0	10	0	1277	607	5
FEM	1	51	0	2530	335	81
FEP	0	81	0	1518	382	147
FES	0	60	0	1369	718	88
FET	2	61	0	1706	293	89
FEU	0	139	0	2357	885	126
FEV	0	134	4	1957	546	153
FEW	0	59	0	1330	851	156
FEX	0	107	0	1859	436	92
FF0	1	58	0	1386	462	125
FL4	0	12	0	200	51	5
FL5	0	11	0	260	37	3
FL6	0	13	0	175	35	3
FL7	0	5	0	223	35	3
FL8	0	10	0	154	26	9
FL9	0	15	0	115	29	8
FLA	0	8	0	143	36	5
FLB	0	11	0	136	20	4
FLC	0	24	0	181	48	10
FLD	0	9	0	174	48	4
FLE	0	7	0	187	49	6
FLF	0	19	0	174	24	6
FLG	0	8	0	193	42	4
FLH	0	12	0	240	45	8
FLK	0	7	0	213	74	5
FLL	0	20	0	221	53	3
FLM	0	4	0	205	34	6
FLP	0	10	0	193	22	4
FLR	0	5	0	197	61	3
FLS	0	15	0	543	119	16
FLU	0	4	0	7	7	2
FLW	0	4	0	7	6	2
FLX	0	11	0	382	36	6
FLY	0	8	2	368	70	4
FM0	1	26	0	458	73	8
FM1	0	22	0	421	77	8
FM2	0	24	0	886	81	21
FM3	0	4	0	224	10	2
FM4	0	30	0	653	63	17
FM5	0	27	0	743	53	12
FM7	0	19	0	829	87	7
FM8	0	0	0	73	2	1
FM9	0	3	0	21	0	0
FMA	0	1	0	102	5	0
FMB	0	4	0	245	9	3
FMC	0	4	0	257	32	0
FMD	0	6	0	257	54	12
FME	0	52	0	537	60	11
FMF	0	28	0	351	18	5
FMG	0	35	0	700	16	17
FMH	0	12	0	267	29	4
FMJ	0	10	0	345	14	4
FMK	0	5	0	287	66	4
FML	0	17	0	381	36	7
FMM	0	37	0	330	34	4
FMN	0	9	0	463	220	18
FMP	0	19	0	674	278	14
FMR	0	12	0	861	123	20
FMS	0	21	0	514	81	20
FNR	0	33	0	2850	698	102
FNS	1	12	0	471	12	11
FNT	0	66	1	3037	354	126
FNU	0	77	1	2206	239	72
FNW	1	81	0	2185	264	62
FNX	1	76	0	1802	603	119
FNY	0	25	0	741	11	24
FP0	0	81	2	2437	366	128
FP1	1	85	2	1803	406	83
FP2	0	15	0	1439	1070	116
FP3	0	91	3	1710	184	108
FP4	0	72	0	1437	975	95
FP5	0	8	0	451	6	7
FP6	1	66	2	1732	139	100
FP7	0	79	6	2490	245	83
FP8	0	32	0	1291	961	79
FP9	0	65	0	1446	726	68
FPB	0	78	1	2338	315	107
FPC	0	35	0	1284	943	85
FPE	0	8	0	440	1	0
FPF	4	108	1	2559	206	90
FPG	0	158	0	1767	734	93
FPH	0	70	0	2728	215	173
FPJ	1	52	0	1866	1065	110
FPK	2	100	0	2076	245	118
FPL	0	14	0	490	4	6
FPM	1	96	0	2110	175	84
FPN	1	84	0	1424	729	86
FPP	0	14	0	544	0	18
FPR	0	36	0	1374	883	136
FPT	0	14	0	391	16	4
FPU	1	58	0	1459	99	37
FPV	0	31	0	906	70	36
FPW	0	71	0	1245	517	109
FPX	0	54	1	2223	260	49
FPY	0	54	0	2076	1127	85
FR0	2	93	0	3100	389	90
FR2	0	22	0	638	434	72
FR3	0	55	0	1865	435	63
FR4	0	32	0	1442	1070	115
FR5	2	148	0	2161	220	84
FR6	1	70	0	1908	138	91
FR7	0	37	0	812	561	44
FR9	1	56	0	1697	386	93
FRA	0	83	0	1855	917	121
FRB	0	81	0	1757	1219	85
FRC	0	59	6	2592	183	83
FRD	0	10	0	516	0	8
FRE	1	49	0	1520	74	70
FRF	0	81	1	2666	330	186
FRG	0	28	0	1397	895	58
FRH	0	132	0	2697	225	52
FRJ	0	73	0	1724	334	100
FRK	2	45	0	1690	115	51
FRL	0	56	0	1880	991	47
FRN	0	42	0	1610	1178	82
FRS	1	90	2	2523	282	81
FRT	0	49	0	1554	919	62
FRU	0	20	0	718	28	11
FRX	0	23	0	469	1	6
FRY	1	16	0	704	58	16
FS0	1	92	1	1684	375	74
FS1	1	110	0	2090	234	86
FS2	0	28	0	711	19	19
FS3	0	28	0	672	11	19
FS5	1	15	0	1302	52	19
FS6	0	35	0	1587	1117	66
FS7	1	50	0	1656	1225	71
FS8	1	109	0	2877	257	49
FSA	0	111	0	1572	941	55
FSB	0	17	0	811	6	20
FSC	0	68	0	1436	244	105
FSE	0	71	0	2737	467	117
FSF	2	52	1	2493	303	40
FSJ	1	19	0	1073	20	37
FSK	1	12	0	616	36	9
FSL	0	3	0	393	1	4
FSN	0	30	0	1048	171	26
FSP	0	72	2	1914	249	69
FSR	2	90	1	2203	367	121
FSS	0	32	0	1420	812	93
FST	0	41	0	1676	920	108
FSU	0	71	0	1477	583	51
FSV	0	56	0	1246	455	31
FSW	0	50	0	1009	369	23
FSY	0	71	0	1787	976	81
FT0	0	48	0	1675	987	54
FT1	0	68	0	1998	1114	77
FT2	0	69	0	1832	1017	71
FT3	0	43	0	1894	1036	78
FT4	0	71	0	1906	1120	97
FT5	0	68	0	1685	1044	87
FT6	0	16	0	931	487	33
FT7	0	37	0	712	222	25
FT8	0	79	25	3020	791	105
FT9	0	69	0	1446	348	80
FTA	0	18	0	519	227	19
FTB	0	21	0	1460	760	46
FTC	0	32	0	1241	714	58
FTD	0	13	0	590	343	19
FTE	0	14	0	1491	992	50
FTT	0	89	1	1724	524	93
FTU	0	53	0	1311	344	55
FTV	0	70	0	1417	872	146
FTW	0	65	0	1535	912	115
FTX	1	88	0	1177	709	83
FTY	0	30	0	1397	796	53
FU0	0	23	0	766	311	29
FU1	0	123	0	2084	353	62
FU2	0	34	0	1245	86	60
FU3	0	56	0	2484	1138	67
FU4	0	20	0	1312	161	38
FU5	0	22	0	1540	61	26
FU6	0	45	0	1686	209	37
FU7	0	16	1	523	93	20
FU8	2	97	0	2248	526	117
FU9	0	7	0	121	78	5
FUA	1	84	0	1783	649	34
FUB	1	25	0	936	35	25
FUE	0	9	0	208	77	10
FUF	0	27	0	374	160	10
FUG	0	17	0	523	159	13
FUH	0	36	0	516	48	14
FUJ	0	25	0	1071	181	27
FUK	0	35	0	1229	255	34
FUL	0	28	0	985	188	20
FUM	0	2	0	54	11	5
FUN	0	5	0	85	31	9
FUP	0	2	0	130	34	5
FUR	0	5	0	60	14	2
FUS	0	4	0	47	28	1
FUT	0	24	0	432	88	10
FUU	0	20	0	433	68	16
FX5	0	19	0	456	85	12
FX6	0	17	0	330	41	7
FX7	0	2	0	14	0	1
FX8	0	0	0	5	0	2
FX9	0	4	0	29	0	0
FXB	0	1	0	18	1	0
FXC	0	5	0	34	0	3
FXD	0	3	0	49	2	0
FXE	0	0	0	10	0	0
FXF	0	0	0	13	1	0
FXG	0	1	0	12	0	1
FXH	0	6	0	88	1	2
FXJ	0	3	0	70	1	1
FXK	0	1	0	7	0	0
FXL	0	2	0	31	0	0
FXM	0	0	0	42	0	0
FXN	0	5	0	48	5	0
FXP	0	1	0	104	4	0
FXR	0	18	0	630	57	11
FXT	0	34	0	1029	173	19
FXU	0	13	0	211	30	2
FXV	0	20	0	261	15	6
FXW	0	6	0	188	4	5
FXX	0	25	0	393	48	10
FXY	0	7	0	341	9	8
FY0	0	5	0	222	1	3
FY1	0	28	0	536	38	15
FY2	0	11	0	197	18	2
FY3	0	4	0	119	18	2
FY4	0	17	0	288	62	10
FY5	0	42	0	744	63	27
FY6	0	17	0	374	17	6
FY7	0	16	0	404	87	6
FY8	0	31	0	564	107	12
FY9	0	57	0	415	16	4
FYA	0	48	1	729	133	24
FYB	0	32	0	518	104	3
FYD	0	8	0	368	9	12
FYE	0	25	0	359	8	10
FYF	0	15	0	413	34	4
FYG	0	29	0	476	20	9
FYH	0	38	0	573	59	25
FYJ	0	23	0	486	106	12
FYK	0	15	0	282	46	5
FYL	0	1	0	150	40	2
FYM	0	11	0	341	23	7
FYP	0	21	0	235	20	2
FYS	0	86	0	1662	1052	75
FYT	0	62	0	1184	853	71
FYV	0	84	1	2822	405	74
FYW	0	57	0	1243	773	64
FYX	0	195	0	1854	769	110
FYY	2	69	0	1936	253	156
G00	0	144	4	4191	1725	254
G01	3	65	0	2731	291	97
G02	1	73	0	2466	192	128
G03	1	57	2	2022	320	109
G04	0	65	3	2840	355	120
G05	0	56	0	1633	1146	87
G06	0	71	0	1953	305	107
G07	1	96	0	2802	183	86
G08	0	37	0	1333	888	105
G09	2	117	0	2106	174	74
G0A	1	80	2	2096	186	84
G0C	0	21	0	475	265	34
G0D	0	36	0	1765	1155	81
G0E	0	45	0	2623	391	70
G0F	1	69	0	2328	397	88
G0G	0	131	0	1389	593	81
G0H	0	72	0	1581	1052	100
G0K	0	19	0	666	377	25
G0L	1	106	1	2768	313	71
G0M	0	78	0	1868	289	131
G0N	0	67	3	2308	375	96
G0P	0	58	0	2673	249	137
G0R	0	32	0	1738	1137	89
G0S	1	64	4	1661	251	67
G0T	0	79	0	1819	507	55
G0U	0	44	0	2534	1736	65
G0W	0	107	0	2943	1702	133
G0X	2	74	0	2327	322	95
G0Y	1	98	1	2565	404	77
G10	0	73	1	1706	238	84
G11	0	17	0	715	30	10
G12	2	78	1	2089	258	85
G13	1	66	0	2630	282	121
G14	0	76	1	1261	645	89
G15	0	96	2	2701	439	78
G16	1	98	0	2021	217	108
G17	0	47	0	2349	401	77
G19	0	38	0	1561	1182	113
G1A	0	67	0	2124	376	84
G1C	0	30	0	2071	1037	94
G1D	0	71	0	2012	259	92
G1E	0	31	0	1674	697	139
G1F	0	117	0	1604	992	89
G1G	0	36	0	1568	1002	66
G1H	0	33	0	1674	913	73
G1J	0	63	0	1450	815	82
G1L	4	49	1	1963	242	105
G1M	0	67	1	2794	458	67
G1N	0	35	0	1735	1059	68
G1R	0	42	0	1081	733	85
G1S	1	130	0	2114	258	147
G1V	0	20	0	1003	66	12
G1W	0	81	2	2382	387	88
G1X	0	73	0	1784	333	65
G1Y	0	61	0	1473	545	83
G20	0	52	0	1747	1258	87
G21	0	37	0	1207	317	40
G22	0	24	0	784	48	6
G23	0	31	0	820	46	13
G24	0	23	0	890	47	11
G25	0	18	0	862	59	19
G26	0	4	0	151	32	3
G27	1	39	0	1216	261	58
G28	0	47	0	1228	602	61
G29	0	42	0	1117	562	57
G2A	0	5	0	1376	210	7
G2B	1	57	0	2187	471	45
G2C	0	66	1	1405	388	70
G2D	0	32	0	2558	195	41
G2E	0	112	1	2725	649	102
G2F	0	62	1	2995	616	66
G2G	0	8	0	822	491	14
G2J	1	52	0	1716	777	78
G2K	0	40	0	1166	343	43
G2L	1	33	0	797	288	33
G2M	0	11	0	409	88	7
G2N	0	34	0	1531	685	36
G2P	0	20	0	761	350	8
G2R	0	9	0	297	123	9
G2S	1	35	0	1632	331	33
G2T	0	83	0	1931	368	52
G2V	2	144	0	3804	796	134
G2W	1	51	0	1644	430	57
G2Y	1	54	0	1478	352	70
G30	0	61	0	1593	360	63
G31	0	30	0	899	439	18
G32	0	48	0	913	338	33
G33	0	79	0	2341	543	114
G34	0	20	0	853	421	22
G35	0	73	0	1924	226	45
G36	0	96	0	2054	246	61
G37	0	93	0	2276	541	99
G38	0	32	0	733	255	34
G39	1	126	0	1587	251	54
G3A	0	42	0	1820	578	108
G3B	0	140	0	1802	279	113
G3D	0	85	0	1681	819	70
G3E	0	78	1	2215	361	123
G3F	0	42	0	2103	1107	39
G3G	0	99	0	2163	379	132
G3H	0	71	0	1768	907	56
G3J	0	62	0	1364	818	58
G3K	0	121	0	1480	556	28
G3L	0	57	0	1411	1015	81
G3N	0	5	0	696	308	38
G3P	0	67	1	2712	194	72
G3R	0	79	1	2064	551	132
G3S	0	112	1	2301	288	112
G3T	0	52	0	667	428	32
G3U	0	22	0	752	141	28
G3V	0	31	0	257	6	5
G3W	0	25	0	233	10	4
G3X	0	13	0	498	26	1
G3Y	0	7	0	390	74	5
G42	0	4	0	54	0	0
G43	0	0	0	60	0	1
G44	0	0	0	34	0	0
G45	0	0	0	70	2	2
G46	0	1	0	31	1	0
G47	0	6	0	60	0	2
G48	0	0	0	20	2	2
G49	0	2	0	43	1	0
G4A	0	0	0	57	3	2
G4B	0	5	0	70	0	1
G4C	0	0	0	25	2	0
G4D	0	3	0	56	2	1
G4E	0	2	0	22	2	0
G4F	0	16	0	198	71	11
G4G	0	9	0	249	77	10
G4H	0	49	0	1047	305	33
G4J	0	4	0	119	30	7
G4K	0	18	0	585	52	5
G4N	0	29	0	318	32	20
G4P	0	9	0	114	25	12
G4R	0	18	0	303	13	19
G4S	0	17	0	274	46	5
G4T	0	16	0	329	59	18
G4U	0	17	0	452	106	6
G4V	0	5	0	316	85	9
G4W	0	6	0	240	66	4
G4X	0	39	0	970	180	26
G4Y	0	1	0	6	0	0
G50	0	0	0	15	1	0
G51	0	3	0	15	1	1
G52	0	1	0	15	0	0
G53	0	0	0	11	0	1
G54	0	0	0	0	0	0
G55	0	1	0	52	5	0
G56	0	0	0	34	0	0
G57	0	1	0	42	1	0
G58	0	3	0	28	0	1
G59	0	19	0	523	39	10
G5A	0	65	0	951	23	0
G5B	0	15	0	304	61	10
G5C	0	0	0	26	1	0
G5D	0	2	0	43	2	1
G5E	0	5	0	61	8	5
G5F	0	2	0	27	5	1
G5G	0	30	0	400	112	6
G5H	0	20	0	392	66	17
G5J	0	28	0	826	70	19
G5K	0	42	0	698	70	16
G5L	0	3	0	61	5	0
G5M	0	2	0	89	7	1
G5N	0	0	0	69	4	0
G5P	0	4	0	61	2	4
G5R	0	4	0	101	5	2
G5S	0	0	0	70	12	0
G5T	0	3	0	81	5	1
G5U	0	4	0	69	10	2
G5V	0	11	0	175	6	4
G5W	0	8	0	60	4	5
G5X	0	6	0	64	4	2
G5Y	0	0	0	38	4	3
G60	0	0	0	10	0	0
G61	0	9	0	175	9	2
G62	0	48	0	770	15	14
G63	0	35	0	393	17	2
G64	0	20	0	337	25	4
GSX	0	56	0	1648	598	46
GSY	0	68	0	1459	507	41
GT0	0	52	0	1315	467	32
GT1	0	34	0	1234	446	29
GT2	0	44	0	1231	437	32
GT3	0	50	0	1256	457	45
GT4	0	59	0	1355	470	28
GT5	0	49	0	1277	457	42
GT6	0	54	0	1375	465	45
GT7	0	47	0	1082	367	26
GT8	0	35	0	1138	444	23
GT9	0	35	0	1050	357	25
GTA	0	60	0	1461	537	50
GTB	0	50	0	1094	434	30
GTC	0	57	0	1182	435	40
GTD	0	56	0	1548	524	35
GTE	0	66	0	1359	499	33
GTF	0	53	0	1348	499	34
GTG	0	64	0	1138	448	32
GTH	0	61	0	1628	610	55
GU5	0	53	0	1465	1058	81
GU6	0	16	0	1905	1146	75
GU7	0	69	0	1401	703	91
GU8	0	61	1	2096	784	130
GU9	1	86	0	1660	487	101
GUA	0	24	0	2736	111	165
GUB	0	12	0	1262	212	29
GUC	0	66	0	1780	1072	74
GUD	0	86	3	2745	342	118
GUE	1	64	2	2701	512	110
GUF	1	93	1	2859	439	98
GUG	0	92	2	2631	331	148
GUH	0	49	0	1112	487	155
GUJ	0	65	0	1096	523	126
GUK	0	63	0	3076	114	58
GUL	0	27	0	517	22	12
GUM	0	58	1	3107	192	97
GUR	0	85	0	1960	743	57
GUS	0	19	0	716	22	15
GUU	0	94	0	3053	344	86
GUV	0	50	0	1229	1024	90
GUW	0	37	0	1375	747	80
GUX	1	36	1	1418	256	61
GUY	0	73	0	2397	1379	50
GV0	0	51	0	1624	842	145
GV1	0	19	0	1153	220	53
GV2	1	83	1	2710	258	62
GV3	0	11	0	595	16	0
GV5	0	55	0	1568	1061	70
GV6	0	80	1	2121	292	134
GV7	0	37	0	986	46	31
GV8	2	110	0	2488	288	81
GV9	0	11	0	507	4	4
GVA	0	81	0	1619	916	117
GVD	0	49	0	1605	1019	58
GVF	0	83	0	1911	522	80
GVG	0	52	0	1267	861	87
GVH	0	40	0	1620	945	85
GVJ	0	41	0	1694	792	196
GVK	0	26	0	1372	1015	43
GVL	0	65	0	3003	357	64
GVM	1	23	0	453	4	9
GVN	0	39	0	2135	1340	40
GVP	0	101	0	2333	370	117
GVR	0	33	0	1562	919	102
GVS	0	17	0	1120	375	68
GVT	0	80	0	2152	401	101
GVU	0	33	0	2055	1325	97
GVW	0	68	0	1245	859	54
GVX	0	20	0	945	708	46
GVY	1	56	0	1689	908	92
GW0	0	123	1	2302	309	155
GW1	0	33	0	1677	860	84
GW2	1	76	0	2591	429	121
GW3	2	97	0	2542	285	105
GW4	0	49	0	1766	1059	84
GW5	0	20	0	748	28	17
GW6	0	62	0	1837	820	105
GW8	1	60	0	2126	151	94
GW9	0	69	0	1566	590	62
GWA	0	11	0	472	15	5
GWB	0	93	0	2236	287	86
GWC	0	14	0	543	12	1
GWF	1	79	2	2554	168	83
GWG	0	105	0	2267	421	61
GWH	0	47	0	1141	38	41
GWJ	0	52	0	1496	1062	61
GWK	0	35	0	1016	383	32
GWL	0	51	0	1224	395	29
GWM	0	29	0	1087	542	58
GWN	0	21	0	997	777	64
GX0	0	5	0	350	97	0
GX1	0	19	0	763	151	23
GX2	0	24	0	663	297	16
GX3	0	22	0	605	373	23
GX4	0	1	0	141	55	2
GX5	0	1	0	308	150	3
GX6	0	16	1	342	147	12
GX7	0	31	0	604	261	14
GX8	0	6	0	657	401	9
GX9	0	36	0	950	311	28
GXA	0	45	0	1076	350	26
GXB	0	24	0	597	237	14
GXE	0	15	0	444	210	6
GXF	0	22	0	624	359	11
GXG	0	118	0	4651	2489	133
GXH	0	4	0	763	288	7
GXJ	0	103	0	4243	2083	71
GXK	0	24	0	1123	259	26
GXL	0	21	0	400	52	9
GXM	0	10	0	426	41	6
GY4	0	35	0	699	67	13
GY5	0	1	0	15	0	0
GY6	0	4	0	89	6	1
GY7	0	2	0	90	15	3
GY8	0	2	0	78	8	4
GY9	0	1	0	60	8	2
GYA	0	1	0	25	0	0
GYB	0	1	0	58	6	3
GYC	0	4	0	91	10	3
GYD	0	3	0	134	5	6
GYE	0	0	0	49	7	1
GYF	0	2	0	43	1	3
GYG	0	5	0	59	5	0
GYH	0	0	0	29	2	0
GYJ	0	1	0	14	1	0
GYK	0	7	0	288	89	3
GYL	0	0	0	45	10	1
GYM	0	21	0	209	10	9
GYN	0	10	0	305	59	8
GYP	0	80	0	403	20	5
GYR	0	38	0	778	95	16
GYS	0	8	0	233	15	7
GYT	0	13	0	255	11	3
GYU	0	46	0	559	131	7
GYV	0	67	0	375	166	14
GYW	0	48	0	503	49	14
GYX	0	23	0	829	235	18
GYY	0	17	0	200	21	3
H00	0	3	0	58	7	3
H01	0	10	0	183	18	6
H02	0	2	0	34	5	1
H03	0	5	0	174	31	4
H04	0	0	0	50	7	0
H05	0	3	0	228	18	4
H06	0	45	0	2694	221	59
H07	0	73	1	1890	342	68
H09	0	92	0	1394	323	63
H0A	0	72	0	1789	410	106
H0B	0	84	0	1540	385	67
H0C	1	139	0	1625	508	68
H0D	0	86	0	2083	324	76
H0E	0	89	0	2362	1054	97
H0F	1	93	1	2317	103	107
H0H	0	17	0	374	207	18
H0J	0	71	0	1381	432	38
H0K	0	61	0	1634	732	92
H0M	0	72	1	2741	216	65
H0N	0	90	0	1443	766	123
H0P	0	50	0	1125	808	75
H0R	0	87	0	2069	291	138
H0S	0	11	0	654	314	51
H0U	0	68	0	1708	1004	71
H0Y	0	61	0	2669	868	43
H10	0	49	0	1679	854	119
H13	0	3	0	64	6	7
H45	0	51	0	1221	510	42
H46	0	55	0	1213	379	41
H47	0	25	0	632	309	14
H48	0	31	0	568	193	15
H49	0	17	0	697	191	10
H4A	0	18	0	458	148	6
H4B	0	54	0	628	44	19
H4C	0	48	0	813	48	21
H4D	0	1	0	59	2	0
H4E	0	10	0	52	2	0
H4F	0	3	0	56	2	3
H4G	0	2	0	13	0	0
H4H	0	0	0	93	1	0
H4J	0	1	0	27	0	0
H4K	0	0	0	30	0	0
H4L	0	0	0	2	0	0
H4M	0	4	0	30	3	4
H4N	0	3	0	22	0	0
H4P	0	4	0	39	3	1
H4R	0	0	0	18	0	0
H4S	0	0	0	31	2	1
H4T	0	0	0	27	3	0
H4U	0	2	0	39	1	0
H4V	0	1	0	31	1	0
H4W	0	4	0	103	5	1
H4X	0	1	0	24	2	0
H4Y	0	1	0	59	3	1
H50	0	0	0	30	1	0
H51	0	3	0	31	2	0
H52	0	0	0	13	0	1
H53	0	1	0	23	1	0
H54	0	1	0	46	2	2
H55	0	0	0	16	1	0
H56	0	6	0	41	0	1
H57	0	1	0	69	1	0
H58	0	1	0	2	0	0
H59	0	1	0	46	1	0
H5A	0	2	0	81	0	2
H5B	0	0	0	2	0	0
H5C	0	2	0	39	1	1
H5D	0	54	0	537	98	21
H5E	0	32	0	430	69	11
H5G	0	60	0	715	21	22
H5H	0	36	0	605	35	12
H5J	0	7	0	63	14	6
H5K	0	2	0	54	0	0
H5L	0	2	0	37	2	2
H5M	0	0	0	37	1	0
H5N	0	3	0	103	1	2
H5P	0	2	0	42	4	0
H5R	0	0	0	12	1	0
H5S	0	2	0	39	1	1
H5T	0	1	0	20	0	1
H5U	0	0	0	48	4	2
H5V	0	6	0	72	1	2
H5W	0	0	0	27	2	1
H5X	0	2	0	25	1	1
H5Y	0	4	0	76	1	3
H60	0	0	0	26	1	0
H61	0	35	3	899	70	22
H78	0	228	0	1698	756	149
H79	0	28	0	2107	402	338
H7A	0	52	0	2234	194	60
H7B	0	78	0	1660	1030	61
H7C	0	13	0	326	175	30
H7E	0	104	0	2180	589	106
H7F	0	65	0	1747	200	101
H7H	3	61	1	2190	339	116
H7K	0	134	0	1385	640	116
H7P	0	52	0	1236	220	62
H7R	0	131	0	1463	874	55
H7S	0	117	0	1014	544	110
H7T	0	44	0	1653	1017	88
H7U	0	60	0	1871	1034	85
H7V	0	31	0	1389	80	30
H7W	0	103	2	3256	451	116
H7X	0	91	0	1669	727	112
H7Y	0	43	0	1558	852	149
H81	0	44	0	1299	763	66
H82	0	101	0	2469	482	136
H83	0	43	0	1687	1031	84
H84	0	81	0	2321	362	73
H85	0	89	0	2836	262	67
H86	1	79	1	2331	242	103
H88	0	60	0	1918	876	73
H89	0	60	0	2045	421	92
H8A	0	85	0	2736	351	141
H8B	0	73	1	2173	350	61
H8C	0	42	0	1317	785	158
H8D	0	44	0	1936	1273	78
H8E	0	72	0	1551	805	64
H8F	0	171	1	2837	285	154
H8G	0	20	0	690	35	15
H8H	0	123	1	2656	426	145
H8J	1	138	0	2460	335	126
H8K	0	127	0	1891	1014	70
H8L	1	98	0	1854	349	163
H8M	0	117	0	2995	205	61
H8P	0	7	0	481	7	8
H8R	2	14	0	3553	178	48
H8S	2	105	0	3218	482	226
H8T	0	84	3	2418	494	105
H8U	0	104	0	1602	847	113
H8V	0	33	0	1374	856	90
H8W	0	20	0	696	338	22
H8X	1	65	0	2150	196	123
H8Y	0	69	1	2551	333	89
H90	0	44	2	2652	176	67
H91	0	63	0	1548	959	73
H92	0	96	0	2368	410	82
H93	0	0	0	152	0	3
H94	0	70	0	3513	455	101
H97	0	98	0	2997	511	107
H98	2	52	1	2651	250	38
H99	0	36	0	1982	1096	65
H9A	0	44	0	1387	924	57
H9C	1	42	0	2939	230	69
H9D	0	95	1	2388	320	93
H9E	0	4	0	185	6	9
H9F	0	59	0	892	762	97
H9G	1	132	3	2355	235	97
H9H	3	119	2	2504	396	160
H9J	0	30	0	1754	1161	52
H9L	2	118	1	2313	618	188
H9M	0	39	0	1575	1088	83
H9N	0	100	0	2246	369	76
H9R	0	13	0	1616	1008	134
H9S	0	54	0	1927	1244	75
H9T	0	13	0	1345	45	7
H9U	1	55	0	1607	66	37
H9V	3	55	1	2220	274	211
H9X	0	95	0	1311	482	107
H9Y	1	112	0	2423	332	102
HA0	1	70	0	3098	400	139
HA1	0	132	0	2088	593	55
HA2	0	99	1	2707	392	72
HA3	1	98	2	2751	301	103
HA4	0	67	0	2008	280	162
HA5	0	127	0	2552	673	165
HA6	0	110	1	2926	431	75
HA7	4	121	1	3099	559	125
HA9	4	110	0	2711	394	156
HAB	0	31	0	571	271	27
HAC	0	438	89	10115	3173	397
HAD	0	27	1	725	348	37
HAE	0	145	0	4131	613	118
HAF	0	28	1	1204	182	31
HAJ	1	51	0	2172	1073	41
HAK	0	13	0	383	157	18
HAL	0	3	0	114	21	2
HAM	0	2	0	87	31	3
HAN	0	1	0	104	38	3
HAP	0	17	0	393	188	10
HAR	0	21	0	520	235	6
HAS	0	2	0	213	127	4
HAT	0	13	0	172	76	1
HAU	0	31	0	529	266	14
HAV	0	8	0	165	53	3
HAW	0	7	0	195	78	6
HAX	1	9	0	135	56	4
HAY	0	2	0	228	142	2
HB0	0	15	0	252	97	6
HB1	0	7	0	174	109	6
HB2	0	51	0	1326	650	24
HB3	0	37	0	1375	665	50
HB4	0	35	0	1424	756	59
HB5	0	41	0	1621	670	41
HB6	0	28	0	920	415	28
HB7	0	0	0	32	9	0
HB8	0	5	0	41	20	2
HB9	0	1	0	112	64	0
HBA	0	0	0	5	1	0
HBB	0	3	0	400	230	4
HBC	0	18	0	698	262	11
HBD	0	25	0	424	183	8
HBE	0	20	0	431	176	16
HBG	0	7	0	394	203	15
HBH	0	22	0	803	233	24
HBJ	0	25	1	751	245	20
HBK	1	33	2	1114	521	34
HBM	0	47	0	2508	1511	48
HBN	0	38	0	1063	728	31
HBP	0	39	0	2066	1053	12
HBR	0	16	0	461	278	13
HBS	0	10	0	274	156	2
HBT	0	2	0	135	64	5
HBU	0	4	0	161	88	3
HBV	0	4	0	114	82	1
HBW	0	2	0	108	63	4
HBX	0	2	0	160	74	1
HBY	0	0	0	22	4	0
HC0	0	2	0	206	123	9
HC1	0	37	0	851	493	50
HC2	0	54	0	908	468	45
HC3	0	21	0	753	388	20
HC4	0	36	0	875	391	35
HC5	0	13	0	555	320	7
HC6	0	3	0	177	88	7
HC7	0	2	0	146	68	7
HC8	0	10	0	191	62	8
HC9	0	5	0	106	67	2
HCA	0	14	0	221	109	10
HCB	0	5	0	190	127	12
HCC	0	27	0	372	204	9
HCD	0	13	0	282	126	5
HCE	0	30	0	526	226	10
HCG	0	5	0	247	185	5
HCH	0	20	0	398	146	16
HCJ	0	18	0	311	166	18
HCK	0	12	0	308	147	11
HCL	0	32	0	919	467	7
HCM	0	3	0	182	107	4
HCN	0	12	0	226	81	9
HCP	0	8	0	285	108	7
HCR	0	11	0	283	124	12
HCS	0	2	0	206	53	5
HCT	0	7	0	390	158	16
HCU	0	20	0	379	136	6
HCV	0	12	0	334	125	7
HCW	0	7	0	238	118	3
HCX	0	13	0	423	169	9
HCY	0	8	0	296	143	5
HD0	0	9	0	914	328	6
HD1	0	5	0	788	291	7
HD2	1	76	0	2751	1528	53
HD3	0	8	0	236	105	2
HD4	0	28	0	450	125	29
HD5	0	3	0	204	149	4
HD6	0	35	1	685	86	38
HD7	1	80	1	2031	408	58
HD8	0	12	0	409	153	40
HD9	0	6	0	106	8	0
HDA	0	24	0	498	83	19
HDB	0	49	0	980	95	35
HDC	0	62	0	1704	177	54
HDD	0	12	0	325	49	7
HDH	0	10	0	343	5	10
HDJ	0	18	0	220	31	10
HDK	0	10	0	212	21	6
HDL	0	42	0	320	61	11
HDM	0	43	0	340	110	14
HDN	0	16	0	295	133	9
HDP	0	15	0	309	160	16
HDS	0	1	0	41	22	0
HDT	0	21	0	589	253	13
HDU	0	30	0	587	282	22
HDV	0	13	0	471	39	17
HDW	0	13	0	470	35	10
HDX	0	12	0	339	51	9
HDY	0	6	0	341	80	6
HE0	0	5	0	226	59	9
HE1	0	10	0	323	63	9
HE2	0	14	0	310	73	10
HE3	1	7	0	333	65	9
HE4	0	10	0	240	68	3
HE5	0	13	0	243	75	13
HE6	0	14	0	222	64	9
HE7	0	6	0	244	101	6
HE8	0	5	0	389	18	9
HE9	0	13	0	438	28	3
HEA	0	12	0	167	3	1
HEC	0	11	0	143	10	5
HED	0	4	1	101	0	2
HEE	0	28	0	159	34	6
HEF	0	6	0	91	11	0
HEG	0	10	0	121	8	7
HEH	0	16	0	194	10	8
HEJ	0	3	0	32	6	3
HEK	0	1	0	25	2	0
HEL	0	9	0	307	7	18
HEM	0	13	0	472	14	8
HEN	0	28	1	454	31	13
HEP	0	17	1	679	371	17
HER	0	14	0	457	10	13
HES	0	25	0	325	19	14
HET	0	21	0	367	21	5
HEU	0	20	0	462	2	21
HEV	1	31	0	466	51	13
HEW	0	5	0	241	19	8
HEX	0	0	0	27	6	1
HEY	0	5	0	57	9	1
HF0	0	10	0	180	51	8
HF1	0	7	0	175	44	3
HF2	0	7	0	250	54	7
HF3	0	16	0	519	18	11
HGD	2	143	0	3213	335	173
HGE	1	101	0	3041	398	251
HGF	0	82	2	2604	151	70
HGG	0	72	0	1856	324	138
HGH	0	13	0	314	98	19
HGJ	0	75	2	2239	351	79
HGK	2	138	2	3167	369	166
HGL	1	70	0	2462	156	78
HGM	0	114	3	2633	399	121
HGN	0	96	0	2905	348	97
HGP	0	28	0	2277	1289	90
HGR	0	52	0	2344	1285	72
HGS	0	100	1	2671	490	127
HGT	0	159	5	3490	457	141
HGU	1	72	0	2438	100	50
HGV	0	86	3	4381	484	231
HGW	0	39	0	1734	398	55
HGX	0	63	0	1636	766	64
HGY	2	78	0	2585	324	130
HH0	1	73	1	3178	318	79
HH1	1	161	1	5083	679	354
HH2	0	71	0	1647	1135	89
HH3	2	410	0	13606	4312	557
HH4	0	43	0	1599	902	97
HH5	0	66	1	2504	190	52
HH6	0	36	1	2273	432	70
HH7	0	117	0	1910	935	125
HH8	0	119	0	2848	382	142
HH9	1	81	0	2549	132	132
HHA	0	117	1	3200	447	167
HHB	0	123	0	3318	547	187
HHC	2	117	0	2156	218	81
HHD	0	9	0	134	42	2
HHE	0	9	0	206	70	2
HHF	0	14	0	278	86	13
HHG	0	11	0	250	70	7
HHH	0	13	0	225	75	7
HHJ	0	10	0	184	63	3
HHK	0	10	0	246	61	5
HHL	0	7	0	243	73	4
HHM	0	13	0	308	105	11
HHN	0	14	0	338	105	16
HHP	0	8	0	248	78	5
HHR	0	13	0	389	130	9
HHS	0	20	0	320	86	11
HHT	0	6	0	346	91	20
HHU	0	10	0	260	69	10
HHV	0	638	0	19279	10389	588
HHW	0	479	0	13114	6777	447
HHX	0	675	0	17949	8962	645
HHY	0	79	0	5770	2105	37
HJ0	0	146	0	18657	7319	125
HJ1	0	134	0	18237	7190	100
HJ2	0	24	0	4151	1771	36
HJ3	1	350	0	7869	1909	288
HJ4	0	379	0	9493	2636	355
HJ5	0	146	0	6734	4099	146
HJ6	0	6	1	227	120	9
HJ7	0	63	0	1080	667	60
HJ8	0	18	0	652	381	12
HJ9	0	44	0	1625	835	41
HJA	0	82	0	3992	1649	35
HJB	0	10	0	365	122	6
HJC	0	70	0	1877	118	70
HJD	1	71	0	2330	428	105
HJE	1	61	0	1124	229	74
HJG	0	83	1	1617	349	71
HJH	1	90	0	2577	256	82
HJJ	0	0	0	26	5	1
HJK	0	0	0	21	8	0
HJL	0	1	0	32	5	1
HJM	1	24	0	773	322	25
HJN	0	1	0	43	25	2
HJP	0	0	0	34	24	1
HJR	0	0	0	15	8	0
HJS	0	0	0	10	6	0
HJT	0	0	0	38	20	1
HJU	0	0	0	14	8	0
HJV	0	3	0	73	45	0
HJW	0	7	0	257	118	3
HJY	0	1	0	35	15	0
HK0	0	1	0	64	32	1
HK1	0	1	0	41	25	0
HK2	0	5	0	312	76	2
HK3	0	1	0	31	14	4
HK4	0	0	0	43	15	4
HK5	0	2	0	23	4	0
HK7	0	0	0	46	15	4
HK8	0	0	0	130	26	3
HK9	0	2	0	35	10	0
HKA	0	1	0	61	18	1
HKC	0	0	0	9	1	0
HKD	0	0	0	27	5	1
HKE	0	0	0	25	10	0
HKF	0	0	0	62	25	0
HKG	0	0	0	39	16	1
HKH	0	0	0	5	3	0
HKJ	0	0	0	4	1	0
HKK	0	0	0	11	6	0
HKL	0	0	0	67	14	2
HKM	0	0	0	57	11	0
HKN	0	0	0	7	4	0
HKP	0	62	0	2832	1707	70
HKR	0	81	0	2935	1758	66
HKS	0	47	0	2877	1782	73
HKT	0	63	0	3927	2216	98
HKU	0	40	0	3743	2127	94
HKV	0	76	0	3981	2328	115
HKW	0	29	0	1514	952	38
HKX	0	60	0	3031	1822	87
HKY	0	65	0	2999	1809	93
HL0	0	69	0	4147	2210	72
HL1	0	60	0	3113	1837	68
HL2	0	33	0	1596	994	31
HL3	0	42	0	2251	1374	70
HL4	0	61	0	5340	2852	97
HL5	0	39	0	2234	1367	71
HL6	0	35	0	2261	1404	56
HL7	0	86	0	5474	3047	114
HL8	0	54	0	2313	1452	59
HL9	0	58	0	2536	1539	55
HLA	0	45	0	2268	1357	55
HLB	0	71	0	5039	2933	119
HLC	0	42	0	2308	1485	52
HLD	0	82	0	5722	3204	136
HLE	0	41	0	2393	1550	41
HLF	0	42	0	2411	1530	51
HLG	0	39	0	2333	1512	61
HLH	0	47	0	2474	1558	57
HLJ	0	56	0	2478	1529	66
HLK	0	35	0	2456	1508	61
HLL	0	33	0	2259	1466	74
HLM	0	36	0	2248	1479	52
HLN	0	29	0	2075	1332	49
HLP	0	36	0	2299	1409	50
HLR	0	32	0	2364	1504	47
HLS	0	26	0	2032	1299	43
HLT	0	21	0	1692	1039	37
HLU	0	21	0	684	345	20
HLW	0	27	0	614	275	13
HLX	0	2	0	108	50	4
HLY	0	17	0	420	247	22
HM2	0	19	0	602	78	20
HM4	0	29	0	540	100	14
HM5	0	18	0	296	39	5
HM6	0	7	0	189	107	9
HM7	0	3	0	85	47	9
HMA	0	35	0	629	132	12
HMD	0	20	0	731	76	8
HMG	0	6	0	230	69	6
HMH	0	6	0	193	57	2
HMJ	0	0	0	95	38	3
HMK	0	0	0	31	14	1
HML	0	34	0	413	11	24
HMM	0	21	0	317	18	8
HMN	0	46	0	952	140	40
HMP	0	17	0	346	159	12
HNJ	0	75	0	2391	313	90
HNK	0	90	0	2161	419	78
HNL	0	66	0	1872	915	37
HNM	0	70	0	1735	1016	76
HNP	0	10	0	777	43	11
HNR	0	12	0	656	27	9
HNS	0	12	0	672	19	8
HNT	2	13	0	1032	42	8
HNU	0	12	0	1149	71	6
HNV	0	130	0	2305	1327	61
HNW	0	95	0	2052	1035	116
HNX	0	11	0	841	42	13
HP0	0	74	0	2533	340	118
HP1	0	16	0	917	37	12
HP2	0	70	0	1577	1121	91
HP3	0	47	0	937	697	51
HP4	0	60	0	1634	809	38
HP5	0	10	0	607	337	14
HP6	0	74	0	1332	342	40
HP7	0	10	0	668	339	14
HP8	0	29	0	692	357	21
HP9	0	3	0	204	116	5
HPA	0	18	0	523	197	15
HPB	0	27	0	499	192	12
HPC	0	15	0	449	147	14
HPD	0	27	0	1612	906	15
HPE	0	4	0	144	82	6
HPF	0	15	0	924	542	9
HPG	0	39	0	1354	342	51
HPH	0	30	0	1315	485	19
HPJ	0	6	0	241	161	6
HPK	0	32	0	1438	517	19
HPL	0	44	0	1295	654	15
HPM	0	64	0	1880	1287	102
HPN	0	76	0	2057	1299	110
HPP	1	79	0	1840	711	91
HPR	0	27	0	394	37	13
HPS	0	19	0	438	153	12
HPT	0	76	0	1770	636	95
HPU	0	26	0	1497	875	94
HPV	0	63	0	1448	782	80
HPW	0	79	0	1861	817	87
HPX	0	104	0	1613	1157	66
HPY	0	23	0	914	689	118
HR0	0	96	0	1664	739	172
HR1	0	46	0	2246	542	101
HR3	0	63	0	1881	948	36
HR4	1	90	1	2073	309	66
HR5	1	22	0	1126	82	17
HR7	0	64	1	2798	272	66
HR8	0	79	0	2464	299	94
HR9	0	67	2	2576	235	67
HRA	0	71	1	3131	230	84
HRB	0	114	0	1404	557	134
HRC	1	78	0	2082	204	86
HRD	0	106	1	2135	1115	87
HRE	0	93	0	1524	732	63
HRF	2	128	0	1951	412	89
HRG	0	94	0	1755	1207	67
HRH	0	103	0	1531	803	39
HRJ	0	59	0	1421	749	92
HRK	0	37	0	2315	1338	62
HRL	1	12	1	1212	45	14
HRM	2	42	0	1978	1079	73
HRN	0	45	0	1252	688	68
HRP	0	35	0	1041	491	41
HRR	0	9	0	436	193	8
HRS	0	23	0	602	143	18
HRT	0	112	0	2798	814	81
HRU	0	14	0	397	146	4
HRV	0	9	0	363	144	14
HRW	0	13	0	148	108	5
HRX	0	2	0	293	154	2
HRY	0	17	0	644	241	13
HS0	0	26	0	572	225	12
HS1	0	24	0	576	233	6
HS2	1	29	0	593	199	22
HS3	0	35	0	732	266	16
HS4	0	5	0	148	50	6
HS7	0	18	0	535	173	13
HS8	0	10	0	268	170	4
HS9	0	6	0	171	71	6
HSA	2	39	1	914	129	20
HSB	0	19	0	862	296	26
HSC	0	107	0	1819	951	64
HSD	0	23	0	2813	1190	65
HSE	0	78	0	1417	831	36
HSF	0	52	0	2130	774	97
HSG	1	28	0	771	264	42
HSH	0	19	0	304	98	6
HSJ	0	49	0	1271	236	46
HSK	0	13	0	598	103	20
HSL	0	50	0	1645	803	56
HSM	0	10	0	208	77	11
HSN	0	5	0	210	108	10
HSP	0	0	0	18	10	0
HSR	0	1	0	40	27	0
HSS	0	1	0	49	8	2
HST	0	6	0	141	90	6
HSU	0	0	0	30	20	1
HSW	0	1	0	28	6	2
HSX	0	0	0	27	10	0
HSY	0	3	0	160	63	5
HT0	0	1	0	15	3	0
HT1	0	1	0	32	5	0
HT2	0	1	0	27	3	0
HT3	0	3	0	33	13	1
HT4	0	5	0	296	98	3
HT5	0	0	0	46	16	0
HT6	0	1	0	127	34	3
HT7	0	1	0	45	4	2
HT8	0	0	0	27	5	2
HT9	0	0	0	32	11	0
HTA	0	1	0	43	10	2
HTC	0	18	0	588	263	14
HTD	0	23	0	2901	1655	35
HTE	0	53	0	2662	1501	61
HTF	0	14	0	1661	1191	64
HTG	0	95	0	2808	398	85
HTH	0	84	0	2320	106	68
HTJ	0	82	1	2739	403	69
HTK	0	72	0	1453	1092	64
HTL	0	100	0	2314	212	73
HTM	1	48	2	2533	189	106
HTN	0	46	0	2324	146	62
HTP	0	39	0	1108	704	110
HTR	2	123	0	2630	365	87
HTS	0	85	1	2711	264	105
HTT	1	92	2	2323	403	113
HTU	0	103	2	3357	326	75
HTV	0	24	0	1641	955	77
HTW	1	61	5	2523	290	84
HTX	1	100	0	2836	387	116
HTY	2	132	0	3336	363	63
HU0	3	49	2	2475	201	50
HU1	0	38	0	918	423	38
HU2	0	236	0	7456	3990	321
HU3	0	264	1	7696	4398	301
HU4	0	191	0	7302	4180	236
HU5	0	20	0	737	390	14
HU6	0	3	0	354	211	6
HU7	0	6	0	391	202	3
HU8	0	18	0	461	171	4
HU9	0	38	0	1118	374	22
HUA	0	19	0	1036	77	19
HUB	0	36	0	1039	357	54
HUC	0	26	0	581	239	18
HUD	0	17	0	630	292	16
HUE	0	20	0	656	292	10
HUF	0	6	0	209	104	11
HUG	0	1	0	77	8	0
HUH	0	13	0	283	83	13
HUJ	0	22	0	392	119	18
HUK	0	12	0	369	122	21
HUL	0	28	0	511	145	21
HUM	0	12	0	648	186	24
HUN	0	24	0	596	174	18
HUP	0	15	0	288	125	8
HUR	0	6	0	541	6	10
HUS	0	6	0	383	4	36
HUT	0	13	0	302	83	8
HUU	0	23	0	292	90	13
HUV	0	25	0	857	100	16
HUW	0	13	0	279	133	13
HUX	0	11	0	185	46	10
HUY	0	15	0	269	76	13
HV0	0	35	0	772	81	12
HV1	0	10	0	291	53	6
HV2	0	18	0	265	91	9
HV3	0	2	0	223	25	3
HV4	0	3	0	32	13	1
HV5	0	3	0	173	26	3
HV6	0	19	0	200	6	7
HV7	0	5	0	60	3	0
HV8	0	0	0	40	1	0
HV9	0	8	0	69	17	6
HVA	0	0	0	42	2	0
HVB	0	2	0	108	4	2
HVC	0	9	0	353	76	13
HVD	0	14	0	225	39	3
HVE	0	9	0	180	25	3
HVF	0	26	0	935	465	30
HVG	0	18	0	633	316	18
HVH	0	17	0	979	513	24
HVJ	0	18	0	405	259	29
HVK	0	18	0	366	260	28
HW8	0	102	3	2505	203	92
HW9	0	38	0	1630	744	33
HWA	0	75	2	2694	353	124
HWB	0	71	0	2141	597	93
HWC	4	85	2	1826	155	104
HWD	0	97	0	1647	692	147
HWE	0	83	0	1704	120	81
HWF	0	481	0	14105	5302	528
HWG	0	55	0	1213	672	102
HWH	0	23	0	1960	1256	57
HWK	0	37	0	1534	740	107
HWL	0	75	1	2438	236	86
HWM	0	109	1	2169	370	159
HWN	2	82	0	3275	278	53
HWP	1	95	0	2549	339	82
HWS	0	225	0	7626	4350	220
HWT	0	67	0	2572	1388	111
HWU	0	39	0	2177	1129	92
HWV	0	46	0	2041	1111	76
HWW	0	46	0	2044	1135	71
HWX	0	90	0	2244	399	74
HWY	0	6	0	499	311	3
HX0	0	25	0	951	525	5
HX1	0	13	0	558	357	44
HX2	0	11	0	720	386	18
HX3	0	25	0	814	533	27
HX4	1	91	0	1447	771	55
HX5	0	16	0	442	296	3
HX6	0	2	0	117	23	0
HX7	0	16	0	246	86	7
HX8	0	83	0	2346	678	40
HX9	0	44	0	1903	936	95
HXA	0	16	0	469	197	9
HXB	0	103	0	1338	676	49
HXC	0	89	0	1649	791	164
HXD	0	50	0	1609	996	64
HXE	0	43	0	2308	932	82
HXF	1	94	0	2236	1059	43
HXG	0	129	0	1423	777	127
HXH	0	46	0	1842	965	93
HXJ	0	3	0	292	158	9
HXK	0	1	0	395	231	7
HXL	0	2	0	258	180	7
HXM	0	1	0	220	118	12
HXN	0	7	0	447	313	18
HXP	0	3	0	307	252	8
HXR	0	7	0	306	235	20
HXS	0	41	0	1249	576	63
HXT	0	42	0	1723	1167	81
HXU	0	57	0	1791	993	82
HXV	1	42	0	2402	951	53
HXW	0	80	0	1691	916	87
HXX	0	86	0	1509	641	118
HXY	0	77	0	1723	885	94
HY0	0	73	0	1873	760	87
HY1	0	26	0	354	221	19
HY2	0	34	0	555	362	33
HY3	0	15	0	426	295	27
HY4	0	16	0	387	201	12
HY5	0	60	0	1528	834	180
HY6	0	83	0	1226	818	65
HY7	0	62	0	1670	953	148
HY8	0	108	0	1918	988	102
HY9	0	87	0	1405	864	93
HYA	0	97	0	1992	591	35
HYB	0	43	0	1922	901	74
HYC	0	28	0	755	16	9
HYD	0	6	0	381	104	14
HYE	0	20	0	416	186	24
HYF	0	18	0	230	80	12
HYG	0	22	0	415	148	13
HYH	0	3	0	219	85	10
HYJ	0	27	0	793	150	19
HYK	0	14	0	456	103	9
HYL	0	4	0	182	53	7
HYM	0	18	0	144	76	9
HYN	0	4	0	238	72	12
HYP	0	16	0	220	111	9
HYR	0	10	0	98	54	4
HYS	0	19	0	198	88	6
HYT	0	4	0	119	57	3
HYU	0	29	0	547	92	8
HYV	0	19	0	395	129	8
HYW	0	4	0	141	28	3
HYX	0	23	1	612	302	36
HYY	0	8	0	207	73	7
J0P	0	52	0	1370	732	153
J0R	0	10	0	844	46	11
J0T	0	50	0	1742	1076	79
J0U	0	44	0	1554	1063	93
J0V	0	113	0	3314	2187	146
J0W	1	165	0	2320	342	83
J0X	0	7	0	911	51	15
J0Y	0	8	1	685	30	4
J10	1	77	0	3041	338	77
J11	0	44	0	1677	114	53
J12	0	58	0	1882	1358	107
J13	1	74	0	3436	185	56
J14	0	61	0	1578	860	74
J15	0	78	0	2184	941	66
J16	0	45	0	1557	1125	88
J17	0	104	1	2412	530	91
J18	0	89	0	1536	667	121
J19	0	114	0	2247	302	92
J1A	0	84	0	1600	754	141
J1B	0	55	0	1193	377	43
J1C	0	64	0	2085	237	71
J1D	0	14	0	442	39	23
J1E	0	66	0	1550	198	70
J1F	0	50	5	1534	188	53
J1G	0	106	1	2313	260	79
J1H	0	93	0	2420	278	85
J1J	0	36	0	920	123	51
J1K	0	40	0	993	370	55
J1L	0	18	0	425	136	8
J1M	0	70	0	2197	429	40
J1N	0	8	0	126	23	0
J1P	0	12	0	446	296	19
J1R	0	5	0	265	160	5
J1S	0	4	0	263	153	5
J1T	0	9	0	195	89	5
J1U	0	1	0	253	99	13
J1V	0	6	0	276	140	10
J1W	0	7	0	178	88	0
J1X	1	12	0	382	96	7
J1Y	0	9	0	438	165	9
J20	0	1	0	142	44	2
J21	0	0	0	177	45	3
J22	0	0	0	87	26	1
J23	0	3	0	189	89	9
J24	0	3	0	252	117	6
J25	0	7	0	367	90	7
J26	0	3	0	328	183	2
J27	0	12	0	809	512	13
J28	0	5	0	165	54	0
J29	0	7	0	183	82	7
J2A	0	8	0	453	293	2
J2B	0	55	0	1156	401	40
J2C	0	15	0	395	234	5
J2D	0	3	0	283	200	4
J2E	0	4	0	214	140	9
J2F	0	14	0	400	30	12
J2G	0	32	0	564	43	24
J2H	0	12	0	226	163	14
J2J	0	17	0	237	123	28
J2K	0	68	0	1015	639	95
J2L	0	11	0	1623	771	111
J2N	0	21	0	652	312	28
J2P	0	21	0	654	304	23
J2R	0	37	0	814	364	25
J2S	0	22	0	638	304	16
J2T	0	27	0	747	343	17
J2U	0	25	0	679	318	20
J2V	0	31	0	749	334	19
J2W	0	40	0	716	351	22
J2X	0	36	0	732	320	18
J2Y	0	38	0	954	430	28
J30	0	23	0	659	296	11
J31	0	26	0	647	310	15
J32	0	23	0	703	340	16
J33	0	20	0	681	340	19
J34	0	29	0	691	352	15
J35	0	21	0	732	340	21
J36	0	26	0	714	338	16
J37	0	30	0	949	440	23
J38	0	25	0	756	339	18
J39	0	17	0	620	301	21
J3A	0	34	0	688	325	16
J3B	0	28	0	718	336	23
J3C	0	27	0	745	328	24
J3D	0	24	0	745	318	17
J3E	0	23	0	644	277	20
J3F	0	31	0	738	342	18
J3G	0	24	0	712	314	24
J3H	0	17	0	775	341	28
J3J	0	42	0	918	412	8
J3K	0	26	0	659	318	15
J3L	0	28	0	570	257	12
J3M	0	6	0	265	75	5
J3N	0	12	0	242	31	13
J3P	0	23	0	657	342	29
J3R	0	18	0	457	220	6
J3S	0	18	0	410	120	17
J3T	0	10	0	411	190	8
J3U	0	26	0	308	87	9
J3V	0	12	1	290	49	6
J3W	0	18	0	297	147	13
J3X	0	17	0	306	43	18
J3Y	0	15	0	193	31	10
J40	0	12	0	152	55	9
J41	0	18	0	286	166	13
J42	0	14	0	170	73	13
J43	0	8	0	275	114	10
J44	0	16	0	357	136	13
J45	0	11	0	134	46	4
J52	0	91	1	2073	757	145
J53	0	28	0	1233	800	62
J54	0	64	3	2064	243	57
J55	0	28	0	640	197	45
J56	0	165	0	1375	369	81
J57	0	25	0	1759	1067	107
J59	0	0	0	21	9	0
J5A	0	1	0	44	13	2
J5B	0	1	0	71	20	1
J5C	0	1	0	31	12	1
J5D	0	1	0	26	13	1
J5E	0	0	0	32	11	2
J5F	0	1	0	15	7	0
J5G	0	1	0	25	15	1
J5H	0	1	0	59	23	2
J5J	0	0	0	40	9	0
J5K	0	0	0	8	5	0
J5L	0	0	0	13	3	0
J5M	0	1	0	31	5	1
J5N	0	0	0	32	9	0
J5P	0	0	0	23	11	0
J6N	0	49	0	1579	1047	81
J6P	0	70	0	1144	867	80
J6R	0	112	0	1131	649	73
J6S	0	63	0	1414	987	57
J6T	0	49	0	1275	859	80
J6U	0	99	0	1442	926	55
J6V	0	44	0	706	433	36
J6W	0	3	0	235	104	8
J6X	0	15	0	459	220	22
J6Y	0	48	0	2087	1251	51
J70	0	5	0	228	179	16
J71	0	3	0	289	181	41
J72	0	5	0	320	202	22
J73	0	10	0	465	210	12
J74	0	8	0	158	113	4
J75	0	70	0	1622	721	43
J76	0	58	0	1752	1098	57
J77	0	109	0	1039	672	57
J78	0	54	0	1564	1030	81
J79	0	79	0	1571	925	60
J7A	0	50	0	1539	780	61
J7B	0	60	0	1403	930	85
J7C	0	65	0	1389	794	73
J7D	0	76	0	1371	987	73
J7E	0	54	0	1737	1069	49
J7F	0	6	0	336	212	27
J7G	0	14	0	226	136	12
J7H	1	6	0	51	42	1
J7J	0	1	0	59	26	1
J7K	0	0	0	67	30	7
J7L	0	1	0	45	29	4
J7M	0	0	0	36	28	4
J7P	0	8	0	206	108	14
J7R	0	2	0	244	119	17
J7S	0	5	0	114	61	4
J7T	0	0	0	48	40	3
J7U	0	0	0	47	19	3
J7V	0	2	0	28	14	1
J7W	0	6	0	271	181	21
J7X	0	4	0	307	222	8
J7Y	0	1	0	130	64	4
J80	0	1	0	49	23	4
J81	0	3	0	25	8	0
J82	0	0	0	51	37	4
J83	0	1	0	26	21	2
J84	0	0	0	43	22	2
J85	0	1	0	58	32	3
J86	0	3	0	185	140	8
J87	0	1	0	43	28	2
J88	0	1	0	82	32	10
J89	0	4	0	276	148	25
J8B	0	19	0	646	108	9
J8D	0	38	0	1003	184	20
J8F	0	11	0	98	10	10
J8G	0	27	0	393	56	23
J8J	0	12	0	238	31	4
J8K	0	6	0	246	102	8
J8M	0	2	0	7	7	2
J8Y	0	6	0	319	64	7
J90	0	7	0	209	39	9
J91	0	73	0	864	136	15
J92	0	11	0	472	45	6
J94	0	4	0	123	49	10
J95	0	8	0	103	71	3
J97	0	22	0	543	157	14
J98	0	2	0	12	8	0
J99	0	0	0	9	4	0
J9A	0	24	0	623	68	19
J9B	0	35	0	580	279	18
J9C	0	11	0	174	63	1
J9D	0	17	0	593	305	18
J9E	0	0	0	26	11	1
J9F	0	5	0	181	70	3
J9G	0	8	0	322	147	5
J9H	0	9	0	443	118	6
J9J	0	8	0	251	114	3
J9K	0	19	0	318	146	16
J9L	0	7	0	347	162	8
J9M	0	43	0	535	233	23
J9N	0	7	0	139	63	3
J9P	0	37	0	857	78	22
J9R	0	2	0	158	9	3
J9S	0	3	0	427	236	15
J9T	0	17	0	904	449	24
J9U	0	37	0	1008	431	25
J9V	0	19	0	630	356	18
J9X	0	23	0	660	111	14
J9Y	0	19	0	545	114	14
JA0	0	19	0	500	85	7
JA1	0	14	0	445	94	17
JA2	0	12	0	651	104	21
JA3	0	10	0	454	61	18
JA4	0	22	0	804	105	24
JA5	0	18	0	402	119	9
JA6	0	6	0	166	69	6
JA8	0	12	0	141	4	6
JA9	0	38	0	609	136	24
JAA	0	17	0	397	10	6
JAB	0	8	0	107	10	2
JAC	0	12	0	423	233	11
JAD	0	6	0	792	396	25
JAE	0	9	0	334	51	9
JJ6	0	0	0	63	23	2
JJ7	0	22	0	534	121	11
JJ8	0	14	0	429	73	14
JJ9	0	20	0	375	151	9
JJA	0	22	0	357	186	15
JJC	0	2	0	46	10	0
JJD	0	14	0	389	157	15
JJE	0	10	0	429	158	9
JJF	0	12	0	174	84	4
JJG	0	25	0	537	251	15
JJH	0	36	0	814	120	12
JJJ	0	0	0	7	2	0
JJL	0	16	0	547	203	17
JJN	0	20	0	501	191	8
JJP	0	27	0	518	123	14
JJR	0	2	0	191	18	1
JJS	0	13	1	649	64	13
JJT	0	24	0	468	202	29
JJU	0	18	0	306	159	12
JJV	0	44	0	580	194	7
JJW	0	50	0	542	167	13
JJX	0	18	0	105	59	11
JJY	0	20	0	211	81	4
JK0	0	40	0	505	165	12
JK1	0	20	0	453	91	15
JK2	0	35	0	322	39	16
JK5	0	24	0	473	111	3
JK6	0	3	0	233	38	8
JK7	0	21	0	652	133	21
JK8	0	17	0	425	79	8
JK9	0	13	0	517	72	8
JN6	0	28	0	765	139	33
JN7	0	12	0	297	46	6
JN8	0	2	0	53	9	5
JNB	0	28	0	546	259	29
JND	0	55	0	437	123	8
JNE	0	33	0	602	109	21
JNF	0	10	0	431	176	14
JNG	0	13	0	395	145	8
JNH	0	9	0	184	120	7
JNJ	0	11	0	193	137	6
JNK	0	24	0	462	282	8
JNL	0	13	0	166	83	10
JNM	0	18	0	254	143	10
JNN	0	16	0	283	163	13
JNP	0	8	0	260	110	11
JNR	0	0	0	58	12	5
JNS	0	10	0	247	64	4
JNT	0	6	0	78	14	1
JNU	0	0	0	67	7	1
JNV	0	4	0	132	23	8
JNW	0	14	1	360	46	6
JNX	0	9	0	488	19	18
JNY	0	6	0	179	8	10
JP0	0	10	0	706	117	13
JP1	0	3	0	304	18	7
JP2	0	0	0	32	2	1
JP3	0	5	0	128	15	2
JP4	0	38	0	469	32	10
JP5	0	9	0	152	15	1
JP6	0	2	0	274	62	9
JP7	0	23	0	758	161	22
JP8	0	7	0	150	21	1
JS7	0	15	0	358	204	7
JS8	0	18	0	428	206	19
JS9	0	32	0	604	313	24
JSA	0	33	0	732	226	21
JSC	0	5	0	176	92	11
JSD	0	9	0	97	51	9
JSE	0	12	0	209	33	2
JSF	0	37	0	494	353	33
JSG	0	26	0	493	311	33
JSH	0	15	0	324	183	16
JSJ	0	16	0	437	319	29
JSK	0	12	0	228	123	8
JSL	0	5	0	221	111	5
JSM	0	15	0	195	84	7
JSN	0	67	0	597	88	33
JST	0	7	0	337	51	6
JSU	0	6	0	283	44	5
JSV	0	3	0	267	32	7
JSY	0	18	0	421	136	13
JT0	0	15	0	418	133	15
JT1	0	30	0	423	114	15
JT2	0	9	0	442	46	10
JT3	0	35	0	784	137	31
JT4	0	19	0	689	67	16
JT5	0	14	0	445	61	12
JT7	0	22	0	406	171	20
JT8	0	35	0	430	211	12
JT9	0	3	0	102	15	2
JTA	0	22	1	564	62	10
JTB	0	30	0	636	76	26
JTC	0	26	0	642	55	15
JTD	0	15	0	338	69	14
JTE	0	32	0	678	66	28
JTF	0	8	0	257	57	4
JWA	0	16	0	416	210	9
JXG	1	63	0	2377	744	57
JXH	0	33	0	759	494	34
JXJ	0	15	0	950	668	76
JXK	0	56	0	1478	820	35
JXL	0	14	0	166	72	5
JXM	0	48	0	1789	1174	117
JXN	0	21	0	1868	937	89
JXP	0	3	0	45	14	0
JXS	0	85	2	2936	372	125
JXT	1	85	0	2885	332	133
JXU	2	109	0	3056	361	135
JXV	3	125	1	2541	436	116
JXW	0	107	1	3202	446	140
JXX	0	100	1	2136	445	238
JXY	2	124	0	2043	387	133
JY0	4	113	0	4025	294	161
JY1	0	112	0	1819	320	81
JY2	1	88	3	2985	427	176
JY3	0	64	3	2897	488	133
JY4	1	114	0	2968	344	107
JY5	1	126	1	2839	407	173
JY6	1	91	0	3125	635	114
JY7	0	99	1	3966	401	134
JY8	1	122	1	3464	388	170
JY9	1	108	1	2477	338	64
JYA	3	137	1	3332	301	133
JYB	0	111	1	2844	268	130
JYC	0	139	0	3096	348	109
JYD	0	63	3	3114	320	110
JYE	1	101	0	3166	446	109
JYF	2	156	2	2253	474	140
JYL	0	27	0	537	102	20
JYM	0	17	0	723	125	7
JYN	0	32	0	682	106	19
K1B	1	68	0	2604	434	63
K1C	0	98	0	2902	534	61
K1D	0	53	0	2347	489	50
K1E	1	71	0	2906	541	71
K1F	1	71	1	2465	488	64
K1G	0	68	0	2926	542	63
K1H	0	73	0	2515	456	59
K1J	0	84	0	2666	513	74
K1K	0	73	0	2842	484	73
K1L	1	85	0	2766	426	64
K1M	0	83	0	2953	497	66
K1N	0	54	0	2683	470	51
K1P	1	77	0	2757	444	55
K1R	0	94	0	2823	472	54
K1S	0	84	0	2750	459	61
K1T	0	81	0	2650	438	54
K1U	0	79	0	2801	460	54
K1V	0	75	0	2737	463	62
K1W	0	73	0	2359	427	58
K1X	1	74	0	2786	456	64
K1Y	0	74	0	2549	432	56
K20	0	58	0	2537	523	57
K21	0	83	0	2732	473	67
K22	2	79	0	2745	457	60
K23	0	93	0	3035	530	73
K24	0	81	0	2828	474	72
K25	0	82	0	3262	558	73
K26	1	70	0	2720	499	67
K27	0	77	0	2684	467	71
K28	0	11	0	475	80	9
K29	0	3	0	101	30	3
K2A	0	20	0	382	78	14
K2B	0	1	0	107	42	5
K2C	0	7	0	166	54	8
K2D	0	169	1	3425	628	137
K2E	0	10	0	283	70	11
K2F	0	44	0	1669	535	50
K2G	0	2	0	111	27	3
K2H	0	3	0	93	16	5
K2J	0	1	0	22	7	0
K2K	0	2	0	204	80	1
K2L	0	45	0	926	256	38
K2M	0	4	0	90	21	1
K2N	0	29	0	1127	339	26
K2P	0	3	0	168	43	2
K2R	0	19	0	722	140	18
K2S	0	0	0	11	1	0
K2T	0	23	0	510	199	10
K2U	0	69	0	1686	437	36
K2V	0	19	0	386	177	12
K2W	0	41	0	1800	631	41
K2X	0	2	0	128	44	3
K2Y	0	20	0	389	80	6
K30	0	0	0	8	3	1
K31	0	16	0	269	68	4
K32	0	120	1	3099	650	118
K33	0	2	0	23	9	1
K34	0	18	0	390	103	11
K35	0	47	0	1998	574	55
K36	0	0	0	39	8	0
K37	0	17	0	431	102	9
K38	0	3	0	74	23	4
K39	0	12	0	377	107	14
K3A	0	50	0	1278	248	52
K3B	0	3	0	74	14	0
K3C	0	62	0	2000	568	62
K3D	0	0	0	27	6	1
K3E	0	10	0	315	70	3
K3F	0	0	0	13	2	0
K3G	0	11	0	388	128	13
K3H	0	50	0	1426	264	57
K3J	0	15	0	490	101	22
K3K	0	49	0	1894	537	45
K3L	0	4	0	68	19	1
K3M	0	8	0	167	39	6
K3N	0	3	0	137	30	4
K3P	0	31	0	702	145	15
K3R	0	0	0	9	0	0
K3S	0	1	0	96	35	5
K3T	0	26	0	1170	278	26
K3U	0	0	0	43	13	4
K3V	0	8	0	165	38	3
K3W	0	2	0	206	76	4
K3X	0	71	1	1527	259	38
K3Y	0	0	0	22	6	0
K40	0	9	0	210	46	4
K41	0	22	0	1335	295	25
K42	0	1	0	27	8	0
K43	0	5	0	131	35	3
K44	0	4	0	84	32	5
K45	0	47	0	1140	219	32
K46	0	0	0	37	8	1
K47	0	22	0	1001	238	23
K48	0	6	0	143	56	4
K49	0	16	0	301	72	8
K4A	0	0	0	28	11	1
K4B	0	16	0	564	181	18
K4C	0	33	0	1397	263	42
K4D	0	20	0	382	101	10
K4E	0	30	0	1177	333	24
K4F	0	2	0	125	43	4
K4G	0	8	0	230	55	8
K4H	0	12	0	548	210	18
K4J	0	58	0	1556	309	49
K4K	0	0	0	24	2	3
K4L	0	16	0	522	116	18
K4M	0	27	0	1520	393	41
K4N	0	11	0	301	98	15
K4P	0	108	0	3065	730	76
K4R	0	0	0	57	19	1
K4S	0	43	0	1784	714	62
K4T	1	375	0	10177	2054	339
K4U	0	3	0	107	33	3
K4V	0	95	0	2962	956	86
K4W	1	258	0	11225	3004	259
K4X	0	2	0	127	50	2
K4Y	0	33	0	1448	395	29
K50	0	11	0	265	89	7
K51	0	64	0	2139	796	52
K52	1	339	0	8657	2046	278
K53	0	1	0	46	13	4
K54	0	242	0	6374	2137	192
K55	0	258	0	9207	2652	201
K56	0	16	0	658	254	26
K57	0	78	2	2118	768	87
K58	0	12	0	201	79	8
K59	0	127	0	4857	2022	243
K5A	1	264	0	6386	1662	281
K5B	0	1	0	18	4	3
K5C	0	91	0	2467	974	110
K5D	2	381	0	12916	4899	427
K5E	0	11	0	322	126	13
K5F	0	65	0	1852	625	68
K5G	0	2	0	92	55	3
K5H	0	151	0	4875	2215	250
K5J	0	238	1	4726	1303	261
K5K	0	2	1	47	9	2
K5L	0	71	0	2209	767	105
K5M	1	340	1	12033	4706	374
K5N	0	4	0	592	288	8
K5P	0	32	0	845	501	34
K5R	0	0	0	279	162	12
K5S	0	1	0	67	46	1
K5T	0	6	0	696	344	27
K5U	0	0	0	52	26	0
K5V	0	0	0	143	82	3
K5W	0	3	0	206	85	9
K5X	0	5	0	472	215	8
K5Y	0	5	0	706	419	27
K60	0	28	0	1001	148	37
K61	0	42	0	281	46	10
K62	0	11	0	128	16	8
K63	0	13	0	191	25	9
K64	0	12	0	293	17	9
K65	0	30	0	627	15	6
K66	0	25	0	271	83	12
K67	0	6	0	107	17	3
K68	0	19	0	256	53	21
K69	0	21	0	209	69	10
K6A	0	18	0	513	159	15
K6B	0	32	0	349	105	11
K6C	0	9	0	262	80	6
K6D	0	7	1	241	77	10
K6E	0	7	0	276	82	10
K6F	0	13	0	279	79	5
K6G	0	11	0	241	77	7
K6H	1	10	0	239	59	11
K6J	0	45	1	656	32	15
K6K	0	6	0	184	8	5
K6L	0	18	0	359	8	5
K6M	0	26	0	543	142	20
K6N	0	26	0	583	23	3
K6P	0	17	0	409	16	10
K6R	0	26	0	435	25	3
K6S	0	10	0	282	10	3
K6T	0	32	0	354	11	3
K6U	0	18	0	624	2	15
K6V	0	65	0	705	151	17
K6W	0	43	0	671	169	26
K6X	0	5	0	139	25	7
K6Y	0	40	0	642	140	19
K70	0	35	0	603	152	8
K71	0	20	0	416	77	11
K73	0	9	0	328	164	18
K74	0	54	0	586	113	17
K75	0	47	0	425	91	6
K76	0	14	0	205	136	15
K77	0	12	0	279	166	16
K78	0	15	0	292	168	13
K79	0	10	0	94	46	5
K7D	0	13	0	210	5	4
K7E	0	7	0	188	26	3
K7F	0	3	0	486	68	7
K7G	0	30	0	382	70	13
K8R	0	86	0	2010	269	30
K8S	1	81	0	1817	265	102
K8T	2	99	0	1757	257	137
K8U	0	53	0	2226	1260	144
K8V	2	80	0	2653	216	74
K8W	0	76	0	1904	1067	70
K8X	0	50	0	1618	1190	78
K8Y	0	92	0	1832	973	86
K90	0	68	0	1355	843	49
K91	0	89	0	1601	511	124
K92	0	77	0	2166	1130	76
K93	0	34	0	1548	689	79
K94	0	58	0	2236	1199	56
K95	1	44	0	2898	251	61
K96	0	24	0	1042	559	31
K97	3	514	1	17211	4385	471
K98	0	24	0	508	144	17
K99	0	15	0	676	213	29
K9A	0	16	0	721	263	28
K9B	0	29	0	929	323	10
K9C	0	25	0	915	333	16
K9D	0	32	0	792	281	11
K9E	0	5	0	305	159	6
K9F	0	6	0	276	142	7
K9G	0	2	0	269	136	7
K9H	0	7	0	306	172	11
K9J	0	33	0	1014	456	38
K9K	0	28	0	578	326	19
K9L	0	22	0	530	312	7
K9M	0	8	0	261	99	6
K9N	0	9	0	203	88	4
K9P	0	14	0	221	88	5
K9R	0	5	0	198	93	2
K9S	0	18	0	768	308	23
K9T	0	3	0	106	70	11
K9U	0	48	0	264	158	34
K9V	0	23	0	621	349	23
K9W	0	15	0	574	292	19
K9X	0	27	0	753	365	14
K9Y	0	4	0	143	42	3
KA0	0	9	0	159	41	3
KA1	1	81	1	2224	467	124
KA2	0	25	0	489	35	17
KA3	0	10	0	313	78	10
KA4	0	16	0	475	253	14
KA5	0	14	0	609	236	6
KA6	1	12	0	168	41	1
KA7	0	10	0	167	58	7
KA8	0	14	0	182	54	5
KA9	0	6	0	141	48	2
KAA	0	5	0	175	72	4
KAB	0	4	0	175	50	2
KAC	0	10	0	184	49	3
KAD	0	5	0	154	42	5
KAE	0	12	0	180	52	4
KAF	0	7	0	159	69	2
KAG	0	9	0	171	57	9
KAH	0	4	0	190	68	3
KAJ	0	49	0	1635	473	29
KAK	0	5	0	285	144	19
KAL	2	36	0	593	163	35
KAM	0	26	0	178	93	4
KAN	0	3	0	107	47	2
KAP	0	22	0	591	197	25
KAR	0	32	0	427	63	21
KAS	0	7	0	291	7	5
KAT	0	9	1	255	25	5
KAU	0	1	0	97	17	2
KAV	0	12	0	294	44	9
KAX	0	10	0	324	12	6
KAY	0	61	0	1326	334	72
KB0	0	74	1	2007	452	66
KB1	0	127	0	2329	75	104
KB2	0	56	0	1930	23	59
KB3	0	34	0	980	17	18
KB4	0	0	0	67	1	1
KB5	0	17	0	205	15	6
KB6	0	31	2	900	8	23
KB7	0	192	1	6155	262	175
KB8	1	165	0	5141	115	103
KB9	0	46	0	1901	62	47
KBA	0	5	0	372	1	7
KBB	0	138	1	4752	120	151
KBC	0	66	0	2046	54	47
KBD	0	105	0	3196	175	91
KBE	0	111	0	4328	98	87
KBF	0	215	1	5675	215	148
KBG	0	73	0	1985	46	36
KBH	0	91	0	3113	87	79
KBJ	0	39	0	717	35	11
KBK	0	100	0	3373	239	97
KBL	0	45	0	1770	29	41
KBM	0	24	0	1126	80	30
KBN	0	28	0	667	16	9
KBP	0	45	0	1795	78	38
KBR	0	22	0	729	4	16
KBS	0	8	0	439	13	11
KBT	0	4	0	196	4	5
KBU	0	27	0	667	63	15
KBV	0	14	0	358	1	6
KBW	0	248	1	8210	170	186
KBX	0	68	1	984	141	28
KBY	0	13	0	376	12	13
KC0	0	114	1	2662	149	68
KC1	0	31	0	1204	28	43
KC2	1	113	0	2854	70	83
KC3	0	83	0	1715	109	51
KC4	0	57	0	1431	56	54
KC5	0	34	0	1281	21	31
KC6	0	27	0	963	39	31
KC7	0	37	1	735	55	14
KC8	1	44	0	896	42	15
KC9	0	110	2	3069	118	81
KCA	0	48	0	1222	14	31
KCB	0	19	0	865	61	31
KCC	0	10	0	267	7	7
KCD	1	44	1	2197	39	72
KCE	1	94	0	2891	120	87
KCF	0	30	0	1517	39	48
KCG	0	42	1	1356	31	48
KCH	0	79	0	2664	103	66
KCJ	0	22	0	612	8	13
KCK	0	16	0	585	18	17
KCL	0	69	0	2211	59	51
KCM	0	12	0	453	10	15
KCN	1	96	0	3215	109	70
KCP	0	130	0	3738	118	151
KCR	0	5	0	231	6	7
KCS	0	54	0	1108	87	31
KCT	1	187	3	5558	119	138
KCU	0	159	0	3231	111	165
KCV	0	66	4	1712	92	34
KCW	0	37	0	1413	28	46
KCX	0	102	3	3562	72	129
KCY	0	48	5	1078	49	28
KD0	1	137	0	5659	254	136
KD1	1	50	0	2435	18	57
KD2	0	41	0	1238	47	32
KD3	0	60	0	2255	52	42
KD4	0	15	0	376	17	7
KD5	0	80	13	3603	109	62
KD6	0	62	0	2333	103	39
KD7	0	27	0	1299	37	17
KD8	0	140	1	4339	196	140
KD9	1	27	0	798	6	13
KDA	0	215	2	4010	154	119
KDB	0	22	0	1056	37	37
KDC	0	4	0	71	20	1
KDD	0	3	0	128	7	0
KDE	0	34	0	1723	43	27
KDF	0	3	0	130	2	2
KDG	0	16	0	919	8	21
KDH	0	20	0	577	9	16
KDJ	0	32	0	781	74	23
KDK	0	5	0	199	8	8
KDL	0	8	0	461	15	15
KDM	0	233	1	6765	281	216
KDN	0	81	0	2765	45	67
KDP	0	46	0	1230	37	25
KDR	0	54	0	768	42	12
KDS	0	37	1	751	49	28
KDT	0	1	0	168	7	14
KDU	0	26	1	392	52	10
KDV	0	49	0	1846	56	46
KDW	0	148	1	3168	258	100
KDX	0	21	0	452	47	10
KDY	0	25	0	836	26	24
KE0	0	54	0	1651	66	34
KE1	1	40	0	1159	30	19
KE2	0	168	0	4007	196	117
KE3	0	130	0	3660	237	110
KE4	0	39	0	1060	26	17
KE5	0	9	0	304	12	10
KE6	0	162	0	3660	127	127
KEB	0	8	0	127	10	5
KGH	0	28	0	820	97	11
KGK	0	23	0	407	91	13
KGL	0	45	0	466	122	12
KGM	0	38	0	447	235	16
KGN	0	15	0	609	229	26
KGP	0	18	0	543	82	10
KGR	0	26	0	505	86	27
KGS	0	38	0	465	45	7
KGT	0	13	0	437	67	11
KGU	0	55	0	1039	205	14
KGV	0	3	0	74	20	2
KGW	0	36	0	581	160	27
KGX	0	34	0	418	214	15
KJS	0	6	0	249	106	10
KJT	0	15	2	232	39	13
KJU	0	7	0	223	57	2
KJV	0	8	0	227	50	7
KLE	0	7	0	161	30	1
KLF	0	5	0	234	44	7
KLG	0	53	0	699	165	14
KLH	0	27	0	561	77	20
KLS	0	34	0	666	87	23
KLT	0	8	0	322	36	3
KLV	0	38	0	665	140	26
KLW	0	122	0	730	67	12
KLX	0	38	0	554	69	15
KLY	0	25	0	568	324	21
KM0	0	30	0	592	250	21
KM1	0	16	0	421	206	8
KM2	0	29	0	581	68	5
KM3	0	24	0	578	73	12
KM4	0	25	0	833	239	30
KM5	0	28	0	569	99	9
KM6	0	17	0	600	238	25
KM7	0	20	0	596	350	22
KM8	0	36	0	696	88	9
KN1	0	1	0	63	26	9
KN2	0	39	0	501	107	16
KN3	0	17	0	595	291	20
KN6	0	9	0	31	24	5
KN7	0	10	0	35	22	9
KN8	0	7	0	224	53	3
KN9	0	5	0	240	43	7
KNA	0	1	0	194	38	3
KNB	0	15	0	161	21	4
KNC	0	61	0	923	41	25
KND	0	12	0	249	15	4
KNF	0	27	0	456	90	17
KNG	0	1	0	52	5	0
KNH	0	0	0	34	0	0
KNJ	0	1	0	42	1	0
KNK	0	3	0	28	0	1
KNR	0	7	0	160	3	3
KNS	0	14	0	271	24	4
KNT	0	0	0	12	0	0
KNU	0	0	0	4	0	0
KNV	0	17	0	514	16	8
KNW	0	2	0	54	5	1
KNY	0	28	0	945	34	16
KP0	0	5	0	463	32	8
KP1	0	148	1	4290	191	106
KP2	0	9	2	463	12	10
KP3	0	27	0	1133	102	12
KP4	0	46	0	1877	75	28
KP5	0	30	0	1369	34	26
KP6	0	69	1	1489	65	43
KP7	0	2	0	142	3	2
KP8	0	44	0	1230	49	19
KP9	0	10	0	517	3	11
KPA	0	72	0	1782	73	29
KPB	0	2	1	154	9	3
KPC	0	2	0	181	2	0
KPD	0	6	0	255	20	6
KPE	0	37	0	1114	32	19
KPF	0	6	0	225	19	3
KPG	0	53	0	2698	84	45
KPH	0	27	0	636	14	12
KPJ	0	12	0	181	4	6
KPK	0	8	0	310	8	5
KPL	0	12	0	338	19	7
KPM	0	29	0	520	14	12
KPN	0	5	0	226	29	4
KPP	0	15	0	520	24	14
KPR	0	9	0	646	18	11
KPS	0	0	0	5	1	0
KPT	0	15	0	430	24	15
KPU	0	31	0	1090	52	22
KPV	0	119	2	3650	282	105
KPW	0	11	0	400	5	3
KPX	0	10	0	296	2	5
KPY	0	21	0	429	11	17
KR0	0	30	0	1131	21	38
KR1	0	13	1	376	11	5
KR2	0	12	0	538	7	4
KRE	0	26	0	499	205	23
KRF	0	48	0	908	319	42
KRG	0	99	0	1433	576	63
KRH	0	287	0	4476	1812	238
KRJ	0	8	0	141	36	7
KRK	0	13	0	271	120	11
KRL	0	161	0	3990	1305	127
KRM	0	116	0	2720	540	64
KRN	0	8	0	146	59	10
KRP	0	69	1	1438	360	36
KRR	0	7	0	85	22	6
KRS	0	7	0	86	30	8
KRT	0	280	0	5889	2013	182
KRU	1	27	0	792	320	30
KRV	0	3	0	73	19	3
KRW	0	15	0	372	179	23
KRX	0	12	0	210	10	5
KRY	0	9	0	288	69	5
KS0	0	15	0	402	166	14
KS1	0	29	0	699	295	22
KS2	0	49	0	554	88	29
KS3	0	16	0	319	143	35
KS4	0	4	0	127	46	3
KS5	0	5	0	91	56	4
KS6	0	29	0	464	84	13
KS7	0	118	1	1363	218	62
KS8	0	57	0	1261	335	26
KS9	0	39	1	999	274	44
KSN	0	9	0	1099	74	14
KSP	0	2	0	125	0	2
KSR	0	25	0	576	42	21
KSS	0	75	0	2070	61	55
KST	0	70	0	1843	60	57
KSU	0	2	0	171	1	4
KSV	0	82	0	2381	96	70
KSW	0	5	0	309	1	9
